0.3817479725781182
2.1543457536038506
-0.04037554658350882
-0.41912321097268374
0.6420596395191143
-0.20001455976632015
0.6333675209013228
0.10491911262631626
-1.5567067629348195
-0.8065400559834595
-1.5504435146718032
0.09952858528799549
-0.5820256010663273
0.8833085068062883
2.7012619692955155
-0.2422747582130069
-0.42069622880807594
-0.002057333288256996
-0.21462986532330508
0.9164620880864276
0.5930120108963186
0.051079665652919576
-0.19385115395620747
-0.3335060404985126
0.4149940264365603
0.1709813782142712
0.1079680109572061
-0.18804742148828213
2.235762145849099
0.20932599534769059
1.6268699910224136
0.4612995541323927
1.209626106128538
-0.1198526582610413
0.44217066817014894
2.1679698737219297
0.5276817180891238
-0.6532346417233196
0.6331300521904395
-0.09210439059342311
-0.44795146013505427
-0.32461340022470603
-0.02104411919029174
0.3771748948980549
-0.015804595012534166
0.9095353074361443
-0.11773525423377743
0.17109066341278278
0.6565124824899
-0.4151355048507851
1.3335922145574055
-0.48655278747969843
-0.3712888895565021
-1.2842123090174966
0.501730491717634
0.5735107794997183
-0.12178017572186633
-0.8123532423336725
-1.0956616979315377
-0.5364628894915764
1.5053787720416887
4.688959324423016
0.2678070190206523
-0.12069219862383143
-0.9322696839314601
0.02317070803674806
-0.8798891871356965
0.7043306208201973
-0.6758209214327887
-0.6809341282528567
-0.7835192659586849
-0.606086152409902
0.3072492937728169
-0.4847700348358124
0.042610782322872964
-0.22589932507502947
-0.33146545119990045
0.07778545431012274
-0.15352301812367647
-0.2865954570071347
-0.9033066972061813
-0.7168391158074202
1.0738238769283779
-0.16274042713037234
-1.5866118786275152
1.2460857478415936
0.23161098471128133
-0.519745282716586
0.41595263908616287
0.9518542630164536
0.8119736188487441
0.22557602809533184
-0.5205655169500988
1.4172343420697664
0.5720337459321211
-0.17415337552306126
0.15083217564243548
-0.6729661242928161
-0.2298801481021164
-2.050405791734339
-0.7609747571192433
1.1184695336856374
0.1128376103116322
0.4569781867501886
0.09751814563109518
0.7651374803564143
-1.221865488958807
0.7160705916803206
0.17535580497715672
-0.40718958732448735
0.9329137852279308
-0.30979831608505576
0.9461249470633353
-0.025071522297565912
-0.9451145344272881
0.404335284760257
-0.6992077513416268
-0.4184205634656885
-0.7708346350549058
0.5374107685096664
0.6936297001640748
1.0339893395411262
0.7621042147590537
-1.190381635198098
0.9152753089441246
-0.12103565945219062
2.7147150670670803
0.857068475651825
-1.1353229447021986
0.024826710083348913
-0.6404162244682583
-1.441344804552756
0.7765911521724176
-0.08676275769613864
0.8998273856225478
-1.2961435521497289
-0.1265496666617104
-1.1266435621104076
1.223379790332852
-0.3046232296859405
-0.1349615593660075
-2.502771335360061
3.8788737966466424
1.1556315998391768
-0.67277057487998
-0.7440194894494166
-0.9259968107006464
0.29578165815817736
0.6197653636841601
0.7957657692164244
0.8323035701847177
0.16018662713238416
0.010120919101646975
0.1260013121513146
0.7945878785944421
0.696244887575391
-1.464225806315061
-0.879083003081174
0.0574840344664371
-0.3276428657850191
-0.30782575979699617
-0.7038502823471284
-0.7232531507143963
1.8721304990073708
-0.4949557939608441
1.5582844655511003
-0.2228028481122055
-0.08144117038981888
0.2574557082288907
1.1851817229255357
-0.3916015593523434
-0.14916621680101153
0.48511330980778467
0.16066724677909686
1.0131312591192518
-0.5281964523206377
0.13265266538515533
0.5695856432115745
1.6993613073240634
-0.5475332741981155
-1.2421853328673145
0.893695175057144
-0.33974878792150565
0.4708380094840195
-0.15472420929897315
0.021696466679483162
-0.08758681926614345
0.7222801097903578
0.7892298020420624
0.5752646028272093
0.5510135471970794
0.5042394602426643
0.5976666928549077
0.9992973403787904
0.7200099723392719
-0.8346826320120521
1.1252342121462109
-0.23715208141953642
0.40218211240620133
-0.9278069540062845
0.9910863346389002
-0.8573490969283858
-3.865075762519454
-1.0901362427461334
1.1321645666819606
-0.1357682858821251
0.9112747637088459
0.5938444679702193
3.0286212050264867
-2.1376231715120784
-0.6047678247508753
-1.0510310033779222
0.44455993104453523
-1.222653244336633
-0.4573089278595132
-0.1348427752354009
1.3951186044323303
0.2867691188468312
1.2142189204411624
0.06074221780726021
-1.0105258068966707
-0.7253912392957124
-0.6883348338729661
-1.6729018008951597
-1.9662953031248724
-0.922537110024853
-0.44583946812418196
2.9082153282432466
0.506826789101472
-0.31535094791502805
0.7691234164298977
0.6783417008335197
-0.639189361017979
0.2250694982269114
-0.6288017519523855
-1.1447663622030317
1.53397332392455
1.215877558655002
0.07863451234837161
0.007766334414642029
-0.470625409596153
-0.7492028818359792
-0.39915067916458813
1.3180952063298383
0.16704863381327228
0.24342401416418646
-0.8842748776054856
1.3934819372976226
1.0014662331340005
-0.89556363036025
-0.717755947865863
0.11449502478401419
0.1650014246639046
0.839133570657178
0.43047767042725876
-0.11580236978303854
-0.4538250765843975
-0.5868111502199843
-0.5715374081071466
0.036826557322519535
0.6811251023029048
-1.0437822566463535
0.8251428206192644
1.0851342069005592
0.8609127210120487
