-0.7260297800829673
1.0345275630684403
-1.0432696084627662
-0.8243514003379865
-0.9456040797416658
-0.23210178687958363
-1.112162076201869
0.10500121120066232
0.38327106647261777
1.0433846465371481
0.7724233367394575
0.027433222558367963
-0.33089921052091154
-1.2851092997661437
1.4296552102648077
-0.7723563023921778
0.281777158112828
0.0013002655616871045
0.05208009899493562
0.35608530770790425
0.48697486053259914
0.6446197412450883
0.3730661403681583
0.43315587142055023
-0.5318870115610846
-0.003979983517405406
-0.5061899890400999
-1.0131566743460472
1.2968399399531307
-1.0890699400322286
0.9678186739199621
-0.09274429742437378
0.41964563179121095
0.15940712370447352
0.7587574484744976
0.06425345777761203
0.9909667516518255
0.08450921553513485
1.300436945021276
-0.8093677666326058
1.1037189066227526
0.5893081666077242
-1.0493799941183823
-1.2988955643722497
-1.8166517851020803
-0.20728613951308394
-1.0570510786236165
0.6741667277822965
-1.2920268340784016
1.026949625333755
-0.2648560744029694
-0.5329491330099825
-0.251040697964857
-0.24840211956560257
-3.14945929828499
-0.8260698810775455
0.6450600203307736
-0.794136593105567
1.0680326434016012
0.10580780387280933
0.652909772768388
-2.641925087730123
-0.78863536494462
0.9939028941238449
-0.4368647083752248
0.03829943271375638
0.4936843972618253
0.2913581427891186
0.9657740878865635
-1.0384026861384688
1.9574549533463688
-0.020121255169233437
1.558594453976706
-0.8508561288296289
1.0232844807694448
-0.536672354021461
0.9150941143687592
-0.05444190088333252
0.9492500955703265
0.6083652106686427
1.1220312524564096
0.5501958144450434
-0.5432015580752724
-0.005848489915713469
0.6597427683701459
-1.0413983162141967
0.15144810758341537
0.13900619888062346
-0.22683063571097453
0.663986262237384
0.003877140887222433
0.005857516264114062
0.8034497970226557
-0.01871530865829322
0.15645648130873116
-0.6368985819288793
-1.2512605493782045
0.4599655121397988
0.3029457040225739
1.2222933096168462
-1.0139617172512285
0.6320263994875596
0.16321114622035954
0.7049967589867173
0.5875779469789357
-0.6877350899808794
-1.107678605759683
1.239406446574861
0.13918777922432105
0.9611738813165224
-1.0007417344040415
-1.7106514126222077
-0.9334907720107569
-0.5443813948932259
-0.00710718458093404
-0.9711937146778441
0.6305073671231044
-0.8254832548305167
0.759522138915166
-0.1450762958532271
-0.09685231112160349
-0.5108510493347456
0.09129526306200197
0.9486599418200041
0.23317634505216042
-0.037311431869038146
1.211530316257402
-0.8905366785335911
-0.757542350055532
0.9859916842891784
-0.23221479920354046
-0.8202512911605528
0.002826791483782721
-1.1899207893498795
1.1845218331995064
-0.12230126333391471
-0.9819089771273536
-1.213459120717585
-0.4658619648588454
0.2306009794869175
1.082067670706789
-0.9869263820557138
0.16322872762273977
0.0120072666342932
-0.9755936182526386
0.412312892244894
0.6422657294807275
-0.035544985196914625
1.9905714186740084
-0.9800739855101861
0.45539107586693667
-1.1824181024459985
1.0669200430971066
0.9094055422706806
0.0576896502948237
0.07672022138181503
0.7244435963499852
0.4512143001808873
-0.5072860437963829
-0.9867235188444012
-0.3199791943656757
0.5941140016747083
1.018246014018193
-0.17318040617063588
0.5292624811513449
0.04440772913751126
-0.7696307308270215
-0.24900004133098508
-0.06250877618118124
1.0082071398747185
-0.2689377668945551
-0.9736488948047225
-1.6934485325597908
0.38868738123656366
0.9128758019093373
0.5415840599550126
-0.3538555524509475
-0.1551909478089224
1.006907790336276
0.06437149167406318
1.021270801508534
0.7377881142478752
-0.07625782023041026
0.5547174486132527
0.6474294108251167
-0.9986990116630362
-0.010966971288033403
1.091490124368831
-0.21165924342776088
0.03066747549241226
-1.0090521794301939
0.5873913322644784
-0.17927822235851684
-0.00803318106705273
-0.1670091580095231
0.5444999876813711
0.9883722701594713
-1.0401696685129669
-1.0036284646606777
0.4022690353427296
0.3858269888471479
1.383152070698952
-0.607775304605767
0.8510427424485697
1.2788872186727087
0.2046892094038275
1.1730055931005752
-1.0254699683522341
-0.8608529384384114
0.912997121171987
-0.35281702177173174
0.46695087751111286
-0.04073140665921333
-0.07409902131914725
0.34249022489097936
-1.301491574800042
-0.1160584835686614
-0.039405271175101286
1.1705133102714362
-0.5852415153541445
-0.036800671475840985
-2.4765698540086007
0.5110623872381457
1.066685593689794
0.7143899951176308
0.34857756035483217
-0.3550630782919205
-0.7437583719930784
-0.8054176579043522
1.1601789215542784
0.22020759299165954
-0.07333760671910176
-0.002936285164909975
-1.2841542070569598
2.5441402754952858
0.11361660764660049
-0.25417466434539626
-0.9925405060102581
1.0991243905426618
0.20424982732170616
-0.7492907295754239
-0.008178623721732059
0.09762609305377497
0.11443840712833223
-0.06898046540819433
-0.9610469695041252
1.1167872058644823
0.6937187184381041
-0.14662157394365555
0.7733828145262431
0.12326815510072223
-1.2926861260990743
-1.8210626333253341
-0.08615904340065449
-1.0604059615683785
-2.974168761012923
0.5433303294609139
0.13074158257092308
0.10005726704693471
1.0022375611082053
1.7649197069154043
0.09161638801934263
1.0050119692640194
0.2680155703985179
-0.8030062316380802
