1.0162748223136713
-0.9791502759005825
-0.9361728823628356
1.0448192764488924
-0.07879324278592412
0.7331931274736794
-0.13319705876715943
0.26759494812962514
0.0899229720926022
-0.8230594112801561
-0.8515134973901886
-0.6554564285977227
-0.4766731126915579
1.719578996425427
0.7014216504430304
0.727066345116274
-0.04276321306642151
-0.6398040374625088
0.4118311240655407
-0.15271507354975633
0.16163116744531267
-0.19096774548174367
0.41326975811882766
1.6404377894830058
0.4761513974064371
-1.3208901509625115
1.0336949206886272
-0.2234371810385844
1.045069738810632
0.16363365248565995
0.03711747128309806
0.9264082236938674
-1.4833329295671303
-0.015540113019206419
-1.0205752239593016
-0.015477145659228933
-2.012022971072571
0.476140846011128
0.6615598589977293
-0.36299786189406097
2.178942224081456
-0.1410858034000235
-0.714783104328425
0.10587672263465625
-1.4620138526733344
-1.0030865673590366
-1.5448630201697036
0.8737429300230405
-4.213625507104512
1.2897350159013055
-0.6890478265627556
-0.4800967828852382
-1.8885996474102353
-0.031154783404633957
2.127656414483172
3.8470840516496665
0.08001778091215248
0.6653832631571815
1.229306139942006
-1.27352001953294
0.4905617140046174
0.9248634621026239
-0.9859479334431419
0.02296805040469075
0.6486259679522868
1.339282703193514
-1.0470510151535515
-0.9721344554539219
2.028189056274005
-0.006304832717057982
-0.9695913383043041
-1.3358021167966145
-0.916532288302959
0.23789684915175346
-1.6036369101996204
-2.1134790869475197
-0.08620434536875415
-0.1206359355043441
3.9776527953604166
-1.0082684224639449
-0.012414290394431145
-3.1825093379460254
1.0827487049700566
-2.0051766124009043
-0.5058950766903166
-0.3839534773957992
0.2041746729044041
-0.2935371730975634
0.8238513065866362
0.46144420081623094
0.541268217836391
-0.2616951689692731
0.413487119078538
-1.0794202746562847
-0.4741400562864277
0.811964838354029
0.21937574307258945
0.5044446075825725
-0.12524584293578392
-0.4223299863100831
0.023697294494846054
0.6030515424688915
-0.31677233552889456
-1.0675122818775835
-0.27883252980671014
-1.765578779644557
-0.12577362324978547
-1.0129587222238399
0.7783243637537329
-0.1173958924230124
-7.5711257295488625
-0.2628452474241007
-0.6445982434883606
-0.015712033139118023
0.09103179363279257
0.11733020986169646
-1.0706107153147417
-1.0495097483768574
-0.15446828412598876
0.7557536800105177
-0.1747194275942912
1.0410151593519137
-0.0205685351005577
-1.2935489431696041
1.6248698889062436
2.2796098069157145
0.2819469023461966
1.2584631352218678
-0.15279617383631625
-0.8494927712646578
-0.4674594657670131
1.392553346456539
-1.4046210097546241
0.22543540104869902
1.3451176527907347
0.2644676662843703
-0.44067563640282414
0.049830349058004667
-1.3721071006338543
-1.8480288459739942
-1.0062807448491107
-0.47895958887522494
-1.2690207142217442
0.2621600530783716
1.5472440736241673
-0.8701770226687987
-0.7176197602139589
0.9908061036189217
-3.882148206313054
0.8450936856197911
-0.6943607308976293
-0.8368803342359288
1.417006022539269
0.27383949272102126
0.8288567290424788
0.04412956309808489
-0.6898307130956771
-0.12404353127494058
-0.025640413422609924
-0.757107368676674
0.27989121148651575
1.1678680547606075
-1.0251029121025428
-1.0677738912719974
-0.6395779468967765
1.0983665802426157
-0.14869555753801558
2.1191231461135667
-1.8816816840200596
-1.087852894060186
1.0992840050547172
0.07560587433619381
-0.7024309352804612
0.15687760585415053
-1.1087813370532529
1.2008588163668779
-1.0781342569134398
-0.28909018012539855
0.7040066028533865
-1.682196245035291
0.94875587663141
1.9164214912401483
0.20298255476851967
1.1494062766018855
-1.0512428028419372
-1.1852509205511361
-1.0035619367999171
-0.3257663754009367
-0.7430324848348168
0.47249062243452783
-1.2217336790689526
-0.05778982806107667
0.8163639286694188
0.08433069747128626
0.8963577039935313
0.04907165625187343
-0.04155521295525058
1.254771308672326
0.5029057392691343
0.5644931150876938
-1.4063338367182632
-0.8084300539772526
-0.01851575097812152
-0.7059468953504854
-1.9583640060142598
0.6807896646638617
-0.010167991848733687
0.8977737553554346
0.19476158146065245
-0.2719813166579218
1.193009074550125
-0.7994970968859132
-0.20588665287545516
-0.21332329474796502
0.7785757336874395
-1.833441902654837
1.1571938144058638
-1.1905606705624823
-0.1285037560511371
1.0483136367404966
0.7271332243192494
0.07378872850223861
-0.2394355259111793
1.7615500032531763
1.3936045028233237
0.8290471558226395
-0.7430628564747765
-0.38234528287299113
-1.7819619310990251
0.9573710423563897
-1.662105214654877
0.7595558771883085
1.0314188804358388
0.14520734838092228
-1.455579101397615
-2.1431290778508822
-2.4018086182649103
0.5975210782436913
1.3870313673997212
-0.9296231719359584
-1.245916867085064
-0.1433500628515698
0.42739071501465686
0.2426342531854432
0.13231751624412977
-0.05413112884549863
0.4371907622756622
1.2457977522644723
-0.5604466823369109
-0.9486010078593348
-0.43636379500445743
0.2937053024312275
0.6931331962530495
0.693987879266952
-0.9171709171465754
-0.9660998838550816
-0.0651750761839881
0.06663353896012474
-0.6538326245076841
-2.0505321079924443
-0.6653795658418018
0.6015140696961948
0.01782177641879011
0.3592030276081589
-0.3771200206096696
