-2.314490701980248
-0.055497274368051436
0.737782458866439
-0.6720392487768727
0.532847669400646
0.13567116214113792
0.19485862572838986
0.9425397035740202
-0.2367444209850677
0.20388188010151498
-0.2717293892999791
-0.4444357275141465
-0.017491064158782064
-0.28973227098719245
0.19954630389491038
0.8837288361657625
0.2899084264355555
1.7779776485718695
-3.13152698371993
-0.15494086261564577
2.1642054834536966
1.268196995298165
0.5028148876143252
-0.7411433930659013
0.18222802392921614
-0.7982078837881933
0.5732527062561057
0.6916155185565134
-0.6278766191234517
0.5384876072103937
-0.07928984161619701
-1.147708790001232
0.9023907724509829
-1.0398540161372072
-0.6933144070163059
0.2443656914495294
-2.2701113808335367
-0.7588021357668591
-0.5049380482069847
-0.5598689811665077
0.37082983775603545
1.1410783219454628
0.850309928293895
-0.09549913445417518
-0.0681834225051096
-3.6533309350326233
-0.6924222597756831
-5.805744962364157
0.6981450491843731
-0.4210614518923003
-2.166702758701044
-0.5229210634903079
-0.5125588697758029
-0.5021209959758554
-0.28162641574598696
-0.5039187496166071
-0.2537605997713054
3.155972530446621
-0.7486931128560832
-0.7922331321495037
1.010107725268465
-0.15396631235316643
0.40387168106081367
1.1912097784497337
1.66306468430545
-0.4900820460814501
-0.09706246611056824
-3.4262363830453464
1.4964788090746497
0.05647010402249503
-2.1520499441674135
-0.6213859410311601
-0.9224022443884934
0.6444043418089035
-0.38913201056513175
0.2969127644839839
-0.4061609577519469
2.459732696531636
1.0086961477221483
0.8430218726649488
0.5071298159059624
-0.8253129744139164
0.750810708364004
0.5752721363644007
-0.13884594854676274
-1.6200731382594835
0.47801319329135056
1.8037789895143346
0.35009202439426335
-0.3398940625163435
0.7051816993610771
-0.5320405475788572
0.7381409106307528
-1.555051830242636
0.21494506849055878
0.511558733340218
-0.33658212130859894
0.6726266095986502
-1.5604452763715393
0.01569956608899975
-0.793811772203329
0.5302534831254602
-2.020505712162275
0.4975211138590157
-2.1221774290087603
1.318731275654122
0.5531903950912459
1.0917839129151619
-0.9313134086421004
1.3360378191968318
0.6818931591735422
0.28295406614779023
0.7416906008661238
-0.5008481811205112
-0.44659276089872724
-0.3579188034052452
-1.1543012326825024
0.6760551038406616
-0.059187522116442744
0.6582843595005018
-0.3845438048426515
-0.4820698497855562
-0.23153965237605692
0.8264808811620633
-0.154543728930357
-0.19153916630284223
0.01715454107061773
1.5742217738779518
-0.9845241046916019
0.03735655830140193
-0.1316844991914457
-0.4520696946976209
0.5324815802274888
-0.40928210284958827
0.2557576263807194
-0.8831649007390062
-2.458354018217665
0.6209053300835015
-0.5437901281103634
-0.7044512241831984
1.7981964071002483
0.9167834217611648
1.2896559785186192
-0.5149074339303996
0.24086269583777883
-0.8722493581210007
-0.3870059161358227
-4.579096395105707
0.3139380147747163
1.371582783490816
0.5100117560663314
-3.9286131896788525
-0.3216906693999227
0.7723477665974632
-2.0214914083658493
0.01027133717629378
0.773494502965433
1.5914074984395268
-1.7582687183568821
-0.3133727101065674
-0.8301214041897802
0.019173655291458924
-0.31497190929662955
-0.18534683182582884
0.35567749332200477
-0.2079751215871918
-0.3868752494350351
-0.13261688623537554
-0.27802720408756176
0.529512733289674
-0.7938224411489583
0.3988401477649757
0.8432643178128414
-0.20657887198693034
-0.11790150809300008
0.0011061654826979293
-0.02720501558936803
1.3364763806668427
0.06338323259164991
-0.3278697455732005
-1.189883458585174
-0.9305850058209689
-1.297861327290028
1.250939234960236
0.0879611687688159
0.8544530582937336
-0.39724201970899764
0.44414063168538936
-0.718325813551483
0.5382515568467248
-0.008784916127428998
-1.0510718907060377
-0.32215309408150566
-0.2447270048961085
-0.9908432041210313
-0.14343002057692777
-2.359017499331398
-0.23119221779533589
-1.1181251750828096
-0.8645877833387631
0.42384027417581094
-0.08236741141983102
-0.301673234773388
0.7518523903565099
-0.14744337869989366
-0.16078267829521614
-0.19014619087670037
-0.2006227205427192
-0.5066066452484267
0.025361225387443093
-4.250795910987401
-0.5334664410869692
0.17491915840765332
0.33493245182439985
-0.3729118775576498
0.562873410321811
-0.06376936460326657
2.5262160415105455
-0.34621730511834836
-0.23665479426745528
-0.5680625290597412
0.6110071754119039
0.5053357935989333
-0.2557276757005117
2.2784308181940958
-0.013159133618274527
-0.5525860594266194
-0.46728534511697994
0.16767925094969854
-0.28579522765115567
-0.2701021591796372
-0.02129154259254931
0.8871056096553482
1.333819104797842
1.3000031648100254
0.13609640631295147
0.3288233191786304
-0.03000857516975248
0.4164227845027385
1.6243928762525792
0.39054564513492657
-2.2925758459393566
-0.11032724074856677
0.7814775405897018
2.129387543585663
3.0422233020473994
-0.24327254963858874
0.28437842626303855
0.19439813479412982
1.0446642798181305
-0.026350368381932363
0.39948670424073773
0.5032701396070128
-0.520750723839404
0.44897558810106153
-0.845572958826022
0.8007107890769313
-0.41487040235009764
0.06692158294465271
-2.2097300980605428
-0.9613688325066747
-0.21848287037934172
3.626654527677639
1.182645307198139
-0.4447564966557486
