-0.5543237217688083
1.1538913592446443
0.7056633346171568
-0.8900335503872846
0.8298429139396466
1.416763000364297
-0.7119288428623735
1.7656132877353716
0.10704841781193208
1.6432126395185123
-1.1880387429784078
0.8927102416673006
0.7165652593835826
0.4058231335263051
-0.674143028540121
-5.887338372782989
1.0503557040105524
0.1999195668404225
-0.23107391756863851
-1.7848719715563823
-1.5922256439493354
2.3344727093536344
0.4542542579588803
-0.37847875286878824
0.7551425999842751
0.45609140120497454
-3.2945218596822916
-0.76650548286911
0.23001928549693818
0.1528484204557341
0.18932848518080916
0.8049349352400634
-0.6515788144392058
-1.0390344499002708
-0.2727262338950652
-1.045034841637495
0.9551858568611632
0.21839255244754036
-0.46410617462120535
0.7111970695839481
-0.19913909710707714
0.408293281063183
0.6963168892532201
2.6061555323766608
0.5695873841789033
0.22479936053718197
-0.4849289502931954
0.2655523583448156
0.1151005144859812
-0.6446394413023547
-0.2449938670861796
0.2751140839154202
-0.6637578836476484
1.0068825631136975
-0.8784822205691389
-0.6040490276962707
0.4664107927271347
-0.24877088979083167
0.8778586124901923
0.37911702688730564
0.09856648437113717
0.24476877002793926
0.2001207090132593
-0.6528909076134121
2.869181525070462
-1.037674279793512
0.889178046479145
0.5548467580828891
0.3217649827701561
-0.043346053966452996
-0.39448785614624093
-0.23825463911438452
-0.7902731273288572
-0.7925955307010155
0.10798772948636913
-0.008909508242192575
0.22976962566551967
-0.5497990855528103
4.04359498115776
0.1595936320765678
-1.03731946291589
0.9623632667487688
0.6069428304907993
0.8252118869201431
-0.325880346241541
-0.02757737952712966
0.1576154372718122
0.6830124413318441
1.5707404125218614
1.199625912354022
-0.05066941430703875
0.44547604974829846
0.11077146123350562
-0.44261796726658864
0.031011077834535213
0.4126269957753154
-0.04535354550499022
-0.22385361510305957
0.566314552014749
0.02138912472081657
-0.4486930720772766
-0.009651762904211512
0.17288246253418024
-0.30597065660128936
-0.2577359849576605
1.1217698540724448
1.5745201389546377
-0.3839372673494673
-0.13805577458352705
-0.8950587683712421
-1.5450049113843507
1.0390686234547775
-0.7119468686538086
-2.202020869153002
0.12133173893949215
0.9726448051229034
0.2995708693098027
1.487816895046194
0.9665164932709998
-0.2859155845150442
-0.23228504730445815
-0.48979735973344324
0.04402384451435851
0.2758660554812842
-1.0001571785815304
0.12346024301155321
3.970976986548705
-0.11749227165351953
-0.8668266759620182
0.5707117024815612
0.21135424972825906
-0.6327341387495183
1.576140352220655
0.20729682872187172
0.12222740851390448
0.4990586806990498
0.07127812439301173
0.5434888779787646
-1.1008367132173653
-2.123797224578258
0.7532952827401432
0.09922847783824057
0.38738471558070886
0.5374642389733354
-0.6149801547453053
-0.7806647058665345
-0.7916477645453803
1.0169117282080837
-0.20982615446942401
0.7377075320615358
-0.048785100060182836
-0.42155632347182515
0.6239248705401521
0.13148526289611906
0.44705477437439556
0.11544873024976007
0.7051964927236583
0.09017988103383309
-1.0065455745660596
-0.5217456454410995
-0.7437607035282996
0.19608495542142756
-0.26118568116363106
-0.8583665136945828
1.236242785726894
1.2735400951069393
0.696825868199161
-0.19649715746452645
-1.1504289259674658
0.10694445577861184
-0.15005053529343892
0.4456366398954515
-0.6223449830616028
0.5933344161412714
0.40592996194171216
1.283890097295037
1.2326646801851036
1.227923196791335
0.7170631610983823
0.5732092496553726
-0.33037766671235785
-0.6886246814210074
0.045565442376164375
-0.7299039534914571
0.7079484265131074
0.11676357482957411
0.7665505119006976
-0.0497887294825331
-0.18924590000860134
-0.2662116235261882
0.5446628173952385
-0.35138773846808363
-0.467678416977847
-0.4343028943565103
-0.03909877175797579
0.5979438407366988
0.8817410772805916
0.9257270604979809
-1.084039744961974
-0.277866488803293
-0.39847523881783964
-0.36871213274378406
-0.25195834729352834
-0.598385118369971
1.3550964662500775
-0.834465468975508
0.37824076459431866
-0.4284112844756885
-0.058748229993810575
-0.8879446693077989
0.2244878036750606
1.196754096179622
-0.04806887024958289
0.3925843888454066
-0.16655133518150608
0.7647660776087435
-0.22959129743269013
-0.878072547164633
0.13999680731709954
-0.0004068480184610257
-0.3534520992862933
-0.2396563018849204
-0.4691339337425132
-0.8226175902049252
0.6677303817970689
-0.7301545991568598
0.17743662584143716
-0.4757111254219485
0.9204718103339247
0.9883090188126924
0.4292612045132202
-0.6470085067757266
-0.44480793171660027
0.38697239936005046
0.473479878924303
0.06108848428313694
0.2133943438404035
-0.6592968128143513
0.5841613170950009
0.06299364005027254
-0.9028580202897472
-0.783925017002439
-1.1526604589886933
1.1314509975431817
-1.826257672746266
0.44556255945862383
-1.8367975373450054
-0.6033236472809993
-1.1452413338516658
-0.7599518294094839
0.4287242356280877
0.5233658445081196
-0.6393600842545605
0.8010397517799543
-0.7669606547703527
-0.5086756374629557
-0.06071340261671081
-0.891532894901345
0.3862349043037248
0.30107363526325165
0.08339868235014145
-0.059647329193616906
0.44397835005617137
0.6222697675815785
-0.44557870860065824
