-1.0458184545750207
-0.31032478590428236
-0.7790160228844769
0.4679820992681029
1.1362772518043789
0.22335222016363349
-0.24987903770701098
-0.5702398246118101
0.3470186879761232
-0.628882414309825
-0.9496653937448982
0.9345047790937665
1.9031662069905184
0.41447290734879855
0.3291788622981606
-1.1224971922929496
-1.5086333988421639
-0.07375180856773285
0.9835153216767347
-1.156623700228868
0.8903898710455719
1.313285131282884
0.2722473721977005
1.2922786490348606
-1.2607472821606949
-0.7156800218696756
-0.5017196590679516
-1.0318639783273946
0.7891300733427047
0.23932275333280692
1.7079892295500012
1.0361156303941108
1.2512740383395378
-0.23918794507787638
1.1658004495457421
0.5472833268931272
-0.24828719731195548
0.8112900474545398
-1.0238336041652265
-1.1179667359028445
0.5963176190586525
-1.1447810863775576
0.5198354411545988
0.1030180893271255
-0.07858519805183717
-0.04148169840514199
1.893827857402274
-0.6124656057457307
0.41689470489100744
4.0628031308692565
-0.15320785415659022
0.9750357107558364
-0.4558969391349803
-0.8359798947877102
-0.720809685653286
-0.006064574033532014
1.5293572780457196
-0.17723569857648352
1.4081287225275712
-0.3701641768138356
-3.5996375151120317
0.1172753317035734
-1.372880654261388
0.16482738001781516
-0.5442808590319879
0.2111479126391541
-0.4011864644850446
-0.675526539318467
1.1916988040627243
2.21296420411219
0.7671578726406879
0.7001287999683518
0.6413561604508622
-0.056517997808038865
1.1698307433328992
-0.2595442763158947
-0.4972997744428842
0.12820416902427645
-0.997173095363862
-0.9380382038543932
-0.07118696303952977
-0.08449177540747148
-1.540363347227865
-0.716587158252107
1.3166743387860445
-0.744612164597812
-0.7888404294331659
-1.2893401158524598
0.012004136487303108
-0.6972590043890143
1.3618919690816198
-0.41455003549311975
-2.1936135304563598
-1.8522837877215195
-0.41332525914459
-1.019763310289726
-0.5790185399811388
-0.9547249556880266
-0.10951591517353225
1.2439500858609513
1.0358379795371575
-0.9773003626280017
-0.02424034839587482
0.7706093719115743
0.8461232547950338
0.031981566004415346
0.9266997507046685
1.2577496067745342
-1.2830176733325298
0.20812812355619503
0.0011961480771390462
1.0016970990122396
0.04723988853882041
0.736952026964417
0.024876045531703785
-0.6684131390405837
-0.8790101648596667
-0.10173664683951
-0.25569962607426183
1.0411129796269303
0.6753868293767438
0.6251009741323899
-0.054136408043127804
-1.2299055342423935
-0.69961755449461
0.9729297157694315
-0.08897527599427353
-1.1908286437002056
0.9420040304519375
-0.07755650273212226
0.1339643259469687
-0.017197052972976426
-0.5725391177342539
0.7789774025901323
-1.1626345621728167
1.0275685967645396
-1.3272001738337207
0.0259153382252719
-0.9446662920435404
0.23236305244023797
0.6492536402664559
0.8735608135231447
1.3582141605668567
0.5018023342693434
-0.2548957486704941
0.3479167315346307
1.0512921038752805
0.6517969467966194
0.07964083246605844
-0.5396077306685093
-1.0097758186668162
-1.6688791339616447
0.20006097167676568
-0.013896105301500525
0.19140532219314438
0.34565937182963163
-1.2797751612378523
0.792267079392379
-1.8487927967740632
10.710706164746462
0.7759276324752752
2.8889602625382125
4.950858200100217
0.8773574509900657
0.5002244699235451
-0.0035715093021816205
-0.20975423184045044
-1.4712956740479866
-1.7713541874819627
-0.2765922000902976
0.24762991049806307
-0.30646274107500554
1.1519405020517237
0.5623315913978407
-0.48601220691700864
0.7328204795632647
0.505340742741618
-0.4555970124464927
-1.2809967246821539
-0.29045338097802087
1.0201658535195888
1.7550212600531023
0.2693285986926669
-1.2891289146211773
1.328961905275588
-1.8787497674751195
-0.8371163530806099
-0.14396254414566928
0.1190756087993288
-1.0564433465330652
-1.118802416312649
0.24088460019837243
-1.3130353049174592
-0.13597761916166232
-0.6188769471121072
0.14383149287759586
-0.3756908552802616
1.325909140651205
0.7428482368518379
-1.2488829694362307
0.651035708476208
0.08725788460074546
0.946807299565873
0.8507274531936131
0.9721774846323146
0.0981740602768394
0.29428037948548
1.0126113680411999
-0.8767099254131793
-1.0430631848458904
0.004995562039425927
-0.6862310043992592
1.0900608153605567
0.9128906205843252
0.059440900192318034
-0.7786797818422203
0.3678202999119549
-0.002386818259073796
-0.05727451313780421
0.8724059939720329
-1.037724944424819
-0.11833033942229915
-0.6387233094079267
-0.16828475421428463
-1.7312188205364756
0.12111720572042475
0.39779940038237255
-0.46352275037346224
0.4780445492960195
0.5055878875807924
0.047804143969115635
0.0800271839600052
0.5608256168646637
0.7029190068884452
-1.3736260479323072
-1.6175517870170377
0.2413467233329844
1.0245247959055084
-0.02762907307162596
-0.12746455392921563
1.0102905702433878
-1.016422166694501
1.1216942866111255
0.6032865284235367
0.04348726814325733
-0.15060921014572348
-0.9923999444089161
-0.011883926058822485
-0.24454432624548614
0.26895108267614865
0.5689549970587355
0.5002868586262542
-0.33154760230423874
-0.37265362871276475
0.5792343885627631
-0.8308057924305566
-0.2868859270690498
-0.9543327302559248
-0.05749749878522979
-0.1902013027212005
0.4579601452277431
0.09292563646949709
-0.31790745402883624
-0.4501142565828762
0.19396291975543203
