-0.6166636798470715
0.03159344021072595
-0.5326269531364503
-0.9313574154442082
1.7905150213154553
-0.18574088458717442
-0.555224641776583
-0.6984978756320864
-0.010048199446013286
0.16124562583471552
0.009543138140293242
0.5779157505101254
-1.3102537933340923
3.618428307641118
-0.5578172606573749
0.21781680865326
0.22794703858005005
-0.4046062721367213
-0.8899730285889393
2.08052007699267
-0.14997071377700552
1.8635325943010175
0.07598948347448974
-0.6584174581086664
0.9480839096555599
-0.16521937114192844
-1.7834813800598366
-0.35920784363909525
1.9300475879765802
-0.7837868108463032
-0.4454874214195949
1.818569875333438
-0.06778061854311491
1.091054192879812
-0.8569734127098885
0.6806844915956718
-0.676704048898462
0.55809952634707
-0.08533305081086792
-3.762751507343511
0.48549680037436077
1.8127701163605385
-0.6507906574994513
1.6624692261099112
-0.7002612790634526
0.0029372678109272354
0.2883072677863853
1.6178334638703176
-2.6749527474073633
0.15229095157851893
-0.46023985731918193
0.2669017592895119
-0.891695706877275
1.3171335717993304
-3.5944275584778036
1.2381557930045717
-0.38053748660289843
-0.22510278345566526
-0.6972434985130043
-0.2333755919730853
1.2289914841139702
0.8274243900823307
0.3875902721842497
0.30845117246827863
-2.1415054892504006
0.4400064353591837
-0.2662521164093578
-0.7226867217898985
0.16868049373564029
-0.2572581258363792
-0.8874127051478639
0.05626102503361859
0.46659233922891125
-0.781902174157467
1.2653371426372875
0.12458586884738113
-1.2029943504995242
-2.4321078130494698
0.7479579058884553
1.5965040870088927
-0.24658440555842592
-3.7513875870075624
-0.34786816557121786
0.3869846463153227
0.3203890636674911
-0.6209257557405176
0.8530568979790377
3.4815720210827092
-0.43008143899973683
2.009493018479554
3.0994902141273233
-1.5785862430516429
0.010696119765236538
-0.547643027053271
-0.3096911337134623
-0.04386482361087602
0.5848173555957281
0.44618603878613683
0.16363398926140257
-0.7576746946246118
0.5013992063871504
0.03374133618379871
-0.6627177214596207
2.0214949314070783
-0.4158984117038843
0.47202852515240856
1.335140814374521
-0.5126288140329985
0.9490629305940269
-0.18916666761587347
0.10412341240214867
-0.9016970491646055
0.8959144507196731
0.9515858865367786
0.0737977281664068
0.1548900551776408
-0.6061581012336602
-0.49915762805103797
-0.15931709846335768
-1.2593256111684867
-0.31535494955955473
1.5172233186582322
0.8383153672781547
-0.005724522330540285
-0.06852707950791546
0.5999044415610217
-0.1035823497778837
-0.6443582734304582
-0.0787759760508905
4.072712085364396
-0.5141656819073269
-0.8119681908293497
-3.127187687543723
1.3534468698614455
1.1595029886087822
0.16920972401439197
-0.1162582017066729
0.18416159626761514
1.0701688147968411
-1.9236859318754385
3.053600754269726
3.576660792549001
1.6524209629479003
-0.7560835279794409
-1.0899664941984328
0.9938216037356705
-0.03399992745158964
1.339693986815357
-0.04941711141151141
0.22552820849976832
0.8786019170430972
0.347829896022906
-0.6269019100208266
-2.6255151680165416
-1.0029076901611051
0.599332566297547
-0.7404808759628035
1.0443293185416183
-0.5186135144787032
0.7625644720151225
-0.537899130579391
0.5087982016725896
1.7772012952489764
-1.6001213582985676
0.9562285870827
1.5626749720132702
0.19131874871762933
0.8858323254634879
2.3723146449163526
0.47184228812239587
0.8439046721640256
-0.6878509432057993
6.430492497179455
-0.04285047829112317
-0.782726944337272
-0.4132723751129387
0.23830148127898226
-0.00639892003800235
-1.1405109104761866
-1.3804895591318305
0.006347842361841875
-5.669225045668685
-0.9401552485009036
0.8963123883835618
-0.8195678870554223
1.3548121066112884
0.7985184424027815
-0.720193035663078
-0.45306662833119093
-2.8899641320308453
-0.5433696914584689
-0.29189559808727755
0.26208174664264045
-0.005014045429736703
-0.19525876433906908
-0.01684932439702838
-0.07869226820457587
-0.4598833628315097
0.7330036338452883
0.47404694216124266
1.3258875791186782
-0.8147445576206267
-0.17113221234535833
1.119187966845093
-2.5801519939328204
-0.40836289896072725
1.0623455919673315
0.5684361290937271
-0.23064443355383274
0.3407386656326107
-0.7510089587702818
0.2693042599998663
-0.16798008277526863
1.8802453202387448
-0.22450279293299663
0.5570128003391513
-1.3707183989354892
-1.178851606175588
1.772958437046833
-0.4900494293142485
-3.649509809862661
-5.132030361392059
1.0548791088280836
1.1825498927359
-0.7557220998631534
0.05865076573908108
-0.6819639707499421
10.738809727198072
-0.38403608480708296
0.7197733607324859
0.1742118054541602
0.06857185080989345
-2.3025806171906718
0.1696653878191346
-0.26095786271155064
-0.6093744024969623
0.5860054099660439
-4.110178446080525
-0.7533058495962178
-1.0719324650362252
-2.2370139467972137
0.38073171805552186
0.3829149329907656
1.9139857346589437
-0.30801711746522736
-1.4694316151828404
-0.5455976831550049
-2.692883091870992
-1.6698177782886727
-0.09101893795073357
1.4614213662553905
-0.9800922246832756
-0.7295839850125676
0.18447715730189548
0.8411925135164288
-0.4844778286940333
0.47533433000987135
0.2596318390116975
-0.31477384085119176
-0.16740877249573125
0.7511152743028587
-0.06283609723508432
-0.09076327449856836
0.4838308019486004
1.3281067436196201
