-0.8204338343990806
0.4181890046816169
-0.5177105350279005
-0.9520048427248425
-1.0112783542257475
-0.06529020269552112
-0.4755449718007072
-0.21547219252339062
-2.7459160836877916
0.3412780812656465
-0.9206692101891203
-1.1216859184360652
-0.7476691824129867
-0.8198820821663154
-0.8014260158190405
-2.0209377357867466
0.2555387318447697
-0.27753831552743985
0.1319086298539343
-0.3535763152348793
0.6891596326221551
0.3981832721314211
0.037785882407610404
-0.7074183371582858
0.32894078425535883
0.7140269354021463
-0.7668826715801185
0.6996462839620188
0.18127674456440723
0.6447018339067059
1.236428425853859
1.0389730461823925
-0.5386718344668595
0.6556629178302831
-0.1871250475830818
0.4769460120660647
0.5255718955287183
-1.431833860060471
0.41992628117386455
0.6794377397568172
0.09291468841545844
-0.6085128986757391
-0.12091656214624827
0.1781882120324624
-0.5835526185873534
-0.7505670402200898
-0.4319543740072735
0.9208885859719487
0.4112812549615944
-0.45845239713059227
0.9480262677050567
0.5683172253813618
-0.18385036974323588
-1.1701935900896436
0.9218308694795356
0.5484408438565151
2.20654549906669
-1.2295227148998977
-0.10438027209684902
0.6359201034385886
-0.39794921409077866
-0.06903715021355239
2.0604150468554256
1.3624140307302892
-0.5373420722953179
0.424448027913519
0.2659207216708328
0.2537436262833035
0.3441767889998248
0.5742788708116919
-0.14173095371302707
-0.7310465190822637
0.3137826428097878
0.07482664247551987
-0.2267041882516028
-1.2179068705065643
-2.2205946498773708
0.6087131569938501
-0.8692344228113935
0.06307227828419144
-0.43598544440513665
-0.9582489318108044
0.15572056038333065
-0.61382643882552
0.892012174551973
-0.27318790557797756
-0.7027206963290856
0.40184932589250555
0.771299713649125
-0.6788414000660044
0.22511744155295904
2.6206717747665644
-0.4132490726160454
-0.1102394509819449
0.9873797045847132
-0.17104537048689594
-0.5515943214655329
1.0628438108740363
0.294807978263707
0.20439991105567656
0.5052971375427591
-0.4255574025001614
-0.1921826160819468
0.17522423590315978
0.2514794272611647
-0.26467704697991146
0.926053803781067
-0.023778030736914337
-0.21876382277922468
0.2888869846569824
-0.32343925639734894
0.347008316673948
0.28373819720767934
0.6593463266299624
-0.7186706197898531
-0.19680981103817405
0.5232989424693955
0.771507848698409
0.6186533193191128
0.23610988376694303
0.4231553215805326
-0.03554483066027083
-0.6540198712893257
1.0632057175245113
-0.21614531989330293
0.904814514548132
-0.8918284376329063
0.12660428574311325
0.4022766625783777
0.8144114721662745
0.29512600774665215
-0.9309621164748848
-0.7151745341745777
1.8644137905258868
0.3336152833981758
-1.170609125223093
0.8142811125870909
-0.21258529677185883
-0.35668343005658265
0.44473447746526756
0.9187443682703285
-0.8040032884665813
0.21320059887214315
0.5060010848268204
0.35910547651641167
0.9056089213600516
0.8289804134306205
0.7192240734378934
-0.43670975849413907
-0.4317639295824825
-0.2597093711475268
-0.3964398512697483
0.1744764797479591
-1.0922775477428492
0.6086395546661066
-1.4149673029130319
0.4848005494100117
0.6033796522230002
-0.787273859744255
-0.2538619269214017
0.2932675891778359
0.21087112081428874
0.9366738199237976
-1.7907342797367911
-0.3970472918837744
1.5518073524002534
1.0925014142253848
0.14601547511345633
0.40974576797348455
0.7674061847834529
-0.9181690985573702
0.12141949699141921
-1.0065074066703574
0.44812281458853
-0.8605372278255484
-0.04963314140672557
2.206205841241955
-0.2933974075707842
0.6354010058994817
-0.30047176957696436
1.3852312071117183
-10.327833903810312
-0.14052455893380383
-0.04209958601754525
1.2002513174552818
-0.3796543924551006
0.9213100262256579
-5.170176383271521
-0.5834559360480996
0.23836928666433785
-0.38201133216457667
0.34844449702254304
0.6146930141838839
0.17263689214762173
-0.4342768974426864
-1.7030671625006797
0.3365574797142805
0.7883515250668512
0.04046637246158776
1.4789466765557127
0.8977058993824861
-0.8758360793049271
-1.1267022345395898
0.6974693435422025
0.4386047626658862
-0.4352583487829145
0.04301341803148659
0.5862832697464153
-0.755704371742322
-0.21317007965248932
0.8784204458362918
1.0556383235597173
1.4103409808075842
0.32246681126427373
0.0856470534498713
-0.5364542772538397
0.6798676206044676
0.09376594119682753
0.3373500130830488
-0.06327476937551421
-0.2931430935761198
-0.8677062523697385
0.8204668638898038
-0.7159115263658695
0.5960670744084543
0.2709168777899557
0.6041570270748299
0.15541232513708944
-0.5422197970840128
0.8512151420325121
-0.9703204978199216
1.0943328000039094
-0.36230447871785854
0.4121730325232299
-0.555003092816617
0.33648760712922615
3.280314568009961
0.7073968658500099
0.16377620035620802
-0.5531653561519951
0.9285675412186316
-0.8560553417414692
-0.7368601263841126
-1.6709329477811292
-1.09186797628319
0.12299568350444565
-2.6421644968289204
0.3430199630003322
0.6375747305668638
-0.5318388274379492
0.5550866567383707
-0.01462653162707055
-0.27359209126312367
-0.8711706041407337
-0.0038213755274069117
1.08054916711216
0.6850104975278141
-1.0658617105855348
-0.35510596578862524
0.53642938034018
-1.180942399133119
-0.5246099618144291
0.14663643507743185
0.23396708370488656
-0.49935190493414944
