-0.22336015080086372
0.009294502951459394
-1.2596019170959163
-6.809240987198116
0.42260663590341774
0.8620617543193783
-0.7916047580866679
-1.432643226796853
-7.714113117555233
-0.05048406828760794
2.306134910027685
-0.8991278937586217
-1.349998715778724
-0.7201689622571421
-0.5985734196607716
-4.101281573744479
-1.0692850590123029
2.529632558273221
1.1003629621047788
-0.41415645484555275
-0.19589744279033888
1.700173565852978
0.20179582875480198
-1.0377388040373234
-2.172321378158656
0.5475548743610122
-1.1133206140577474
-0.3231943222336099
0.15922380855423635
0.9129666449126665
2.0737343994479054
-0.15632495616404654
1.5853842088582164
-0.7962283374102358
-0.11432598809178665
1.1784961161991547
0.9219856043268387
-0.6805922863240136
-1.3582077111907653
1.3114297012109484
1.3108164232634858
1.8783004566331076
-0.49225010011844095
-0.2819347172206201
4.031703680608844
-5.311390386215942
-0.7572901496306685
0.43121950151334315
0.17335873284479467
-0.01629478547897579
0.6475741502408902
-0.6007493236116432
-3.5488176818913235
-1.2245932405640723
0.43004136667151743
-0.7021889464707188
0.7548007274004382
1.084567851470082
1.3693691279575286
0.49456666133070526
-0.9397439634103824
0.0953774218174662
0.4391043696761497
0.16801141998709307
1.7590381383807234
-5.087687828168939
-0.7933596534423417
-0.14564459518300393
-0.4310675965666964
-3.4402056667105136
0.9675248663358245
-3.4227198569034867
0.0588708350824632
0.5056745938926916
0.06768221602078728
-0.42749698284917853
0.9099996424331367
-1.0119414778171063
0.2189183137198798
0.5022214513479453
2.8173012133543267
0.6435304446700629
-0.1192398956322065
0.22287277752530196
-0.5815374378881614
-0.5151851285022138
0.8371299620696883
-0.05470327085344842
-1.0837165792465169
0.49718100799095377
0.281801028805306
0.39635069579050225
-0.14281788227411119
-3.8034756722503693
-1.362041521375026
1.897162891647068
0.9513176703792348
0.3427525247876436
-0.16959273902438304
0.93520047712391
0.14836840697120304
-0.017299104868960347
0.07058155089210374
0.24024530386241016
-0.2154649308830656
-0.7088241956934718
0.28955676297409266
-1.36847314322062
-0.3173560381566253
0.7477270950509655
-1.376087354540429
-0.5346451148637781
0.690519352262561
-0.6255727318067811
-0.2763470282517151
-0.1435766049232055
-1.6945213374263852
-0.3656083275186163
1.1887303843729813
0.3918562271386039
2.3013072365269434
-0.21214860580763628
0.14037299862196315
0.36050811580077013
-0.6503778297307313
0.5958281912632328
-1.921378257346771
-3.131438808086545
-1.5867683610721095
-0.4518292085962528
-0.7613305870563747
-4.113542673874549
7.786808531762032
-0.2314324346821209
1.8275285779184751
-3.3663105050867492
-0.23326087980499466
-0.5362159728306314
-0.01739941395485828
-0.22096672877592277
2.6096894022403863
-2.2273934061891225
2.2514225868374678
-0.08965954172377903
0.3706701921471714
1.2756196669523778
0.8140391047095412
0.8696088895265515
0.13548971519533418
-2.6735198036500143
-0.5671010049481994
0.8837253159956728
-0.1512533793264124
-2.18103044888538
-0.22777685950147258
-1.305072230059252
-3.8036759232353967
-0.1628168990361598
-1.2190168730059812
3.18975251851452
-0.722263475429136
2.776919999353625
-0.42616630148439094
0.99832472453901
0.9721760237009419
-1.0830787699838065
-1.251753924687391
-0.013614505548947671
-1.145335934958816
-0.44125142734782075
-1.6492648282292237
-0.559224145616838
-1.864667307465122
-0.6081949531509971
-1.7568605491586735
0.8025725634771572
-0.12049013164315801
1.0247503522148218
-0.7128603410781557
1.618482136535209
0.6489772372434889
0.05383313343373229
0.2673819866525261
-0.44652802261916946
-0.9597826290093394
0.6435483742260064
0.9269465322707063
2.064516772774474
-0.05203772614355159
-5.148283644202344
0.8275260248579219
3.3727581067566206
-0.40260397272433723
1.2826246809748665
-0.29142628360017
-1.1555467136668827
1.0599246934561217
-1.028030896371033
1.4115855187970154
-0.7354383012191411
-0.8590573969344064
1.0547672918325206
1.639842428877301
-0.3727225324848302
1.4316555181315425
-1.0987488651259192
0.6278374473963038
-2.3240371498694943
0.39398223397721704
-1.4252279027196209
1.6078237063732055
-0.41398132114646957
1.2238173783247805
2.9951036232376955
-0.7349647006751195
-0.23491601381370134
0.5981610225119806
-3.3731258768437247
-0.19082830851264243
3.6289020288689198
-1.4316370973939163
0.224879648417998
1.3794923089468705
-0.7173970757712659
2.293306809770538
-1.1993668555982768
-0.6676210524696008
-0.3641722851275416
2.4108955087097215
3.047976794180848
4.275877413053565
1.729358500428637
-0.31892922183304956
2.9562044561251257
0.7857189093339
-0.13953567444751627
-0.5655893253542656
2.3360749143465385
-0.3017717242370169
3.028117162828594
-0.8032034932275204
-0.018166312600740753
0.144893894314533
0.9013184487220465
-0.06577211334963791
0.4764791808609644
4.078652322667664
-0.5661178265347908
1.0574739636617738
0.0758022046775328
-0.3863173183519113
4.451784747480401
-1.4311999542370535
2.7174845462161863
-0.18365655841206063
-0.7049143404563456
0.8960059478900636
0.9188654816070598
-0.4855673397640536
-0.054933509168109664
-0.41941519551096074
0.3989986950965288
0.379480770406696
-2.1200564607411003
0.542066100300248
