-0.6894029553602743
-0.6624621054617578
-4.1128238075435775
0.27485569129021775
0.630244297903606
0.6342113622600918
-0.10770951703523099
-2.1853355669854255
-2.3172284226564677
-0.4873271778536036
0.3872324743692551
-0.37163953601704713
-0.5686960162828651
-0.10091963753328095
0.16439518277464377
0.5404771625762618
0.8346800322427803
0.6747478701551815
-0.8355364681579512
-0.32101472122494684
0.7426215270845756
0.5989685667379495
-0.4130577797665365
-0.1272303418917753
-0.4266303282376085
-1.3992750618240812
0.12914054710304002
0.6172791418310174
0.035871616091366514
-0.178264726200887
0.494359171409931
0.43360310449695316
-1.304276314122777
0.486615281429638
-0.22191472421054442
0.7732901420999617
0.30338079783689503
-0.8799215295650712
0.2606323161786274
-0.5746479665191363
1.0097737539909257
-0.21305157000390354
0.40064980764276126
-0.9258369875467737
1.0573137540931286
-0.2947930087941366
0.2072620373703719
0.7850183592605143
-1.4633723036743482
0.4659481397083638
-0.526832537606288
0.591611092195613
-0.39010685415992624
0.23814192809537138
-0.3572764547998045
-0.10388707810791588
0.7668252627878143
0.19368151093469596
-0.26337105291813356
-0.22538101637829566
-0.6241520469031747
0.4243719871373544
0.7220402487942796
0.7484932754839517
0.33649287017887214
-0.03033935154470245
-0.25804636904475975
0.8392051847655305
1.085042508640996
-1.6334012453569438
1.6957659072196511
0.5166198937560058
-0.3821907018697807
0.12967453508260784
0.32031312763769654
0.30240045622272144
-0.10130120443596219
0.11409852331166807
-0.0913227992880587
0.503108277425912
-0.9177544824606401
-0.3120629858501699
-0.6925239507070285
0.689864539589869
-1.7369746957695538
-0.4965006922217035
0.43534679815386906
-0.8196247953031591
0.37926109444374556
-0.3349598811025932
0.9721650094735268
0.3691218608926512
0.12909918974304763
-0.14847818259713957
-0.9861040827481244
-0.9092420552588402
-0.6232485838768994
0.028834182943226143
0.24121288273581065
1.187548850734916
0.0040280774439042134
0.9254443969047939
0.16364481948326307
0.7303881989843098
-0.04267465296745116
-0.9371932870646148
0.4301984325735481
-0.5264294186195535
0.9651755384379497
-0.9829922677433219
0.39576204732248066
-1.3914654001398654
-0.14698528471690758
-0.572768756734032
-0.8604797351162464
0.2426452851978417
-0.3648544066359675
0.5720126754700393
-0.025970578423886365
0.27045672312131697
0.2828109563047965
0.2739923140902628
0.09559071897044505
-2.187480438021192
-0.1872715164343481
-0.8452164527506559
0.12707933460226106
-1.0146947380202933
-0.05395255547458812
-0.556759536533048
0.06460149303568678
-1.2908058248528762
0.7127501727925251
0.3345890409455919
0.577749210508252
0.7500644216826609
0.7156287593110503
0.4212245946999872
-0.27181262728432176
-0.8685270977628499
0.15560369959376902
0.001164630367725991
0.11541344453587823
0.37733194114704893
0.7851352968833293
-0.5234279496449254
-1.0608360754349209
-0.9434668880371091
-0.829293287643119
-0.5818045191892299
-0.4715547424257646
-0.8617567603732624
0.17555637665711793
-1.1831351846820115
-0.17908347464795654
0.46585441606562755
-0.13873162802673095
-1.7487853951486296
-1.7025366046744506
0.5749235179276363
0.6458739034352066
-0.33856655647934514
-0.2669203178064459
0.3044620103838303
0.3367495533748344
0.23099117911353367
-0.908248385137352
-0.20471528137011902
0.1698820294597449
-1.0265429544528588
0.4211896652301334
2.2720661274152003
0.3598750273723401
0.8778756666491763
-1.4167409163786349
-0.07234470933600934
1.0175443153923274
-0.3400220727290844
0.853706691372668
1.3381190913187404
1.2707246976392956
-1.8829172020473213
0.5936947455377085
-0.6714753196705737
0.2064881091602943
-1.7258790336470742
-0.9324723400147041
-0.06710734536904749
-2.4573477824423233
0.06135249703526591
-0.49808216819014295
-2.4839353215045668
0.10000582357989769
0.48398604274144164
0.7852040600151312
-1.8297923574340393
-2.6501322349881944
-0.8506678307616014
-0.8456950243615566
0.7214489963170496
3.4691397705749876
0.19568961337712887
0.6010534866208358
-0.8580725712473016
-1.369425349987557
0.31015737991957254
0.5641187859797336
-0.7449465333913933
-0.24083383709396483
-0.34037157514793204
-2.092147696738632
-0.05367259133097641
0.1071489327206266
4.955175666353055
-0.07098907321764401
-0.5096306229954053
-0.7980189444157899
-0.2151380893102221
-0.12710498302490916
-0.12673114581017225
-0.02348063237820476
1.178629686107727
-0.5653731483738025
-0.8482481501273761
-1.6473037911748667
-0.9013145183893181
-0.8945751796824729
0.8233707632493049
-0.21573617257485683
-1.1464865918054328
0.30981502725828747
0.39818586915251514
-0.9470574593022631
0.15211678758354627
0.24186669623249366
1.9347574692150231
0.016907857119552894
-0.4418604174505432
0.2156721163690808
-0.5397302915722402
2.172742113586612
-0.6166194896198691
-0.004692289337240736
0.28440905502916936
1.3163484503382588
-0.0716704228411852
-1.8378528361722215
1.0454753564500703
-1.0396829137340051
-0.36927264681400096
-0.6884379943012013
-0.8628498059921498
2.6634090003288406
0.8164638809253109
0.38106880625383277
0.3609032442378261
1.1892938870870726
1.1004662306496016
0.331072754550057
-0.12105818528222782
-0.6332495415935686
0.5276128677195241
-0.0032095837065749698
1.4723499313949782
-0.8320424363013113
