0.8511738229043174
0.9922011767262654
0.16579303801411371
-0.21099827232632568
0.010109355056882038
0.24203384995796223
0.13438606534858027
-0.11937099691607647
0.8409005876716986
0.7716989840516425
0.8477860575146087
-0.09734091901495444
-1.4202731284007892
-1.0221910711595044
0.7245922925759634
2.016861776514122
0.7010548792079441
-0.10162119112570642
-1.0055089917135236
-0.259676156546256
-0.8892956134420886
-10.509685979768225
0.8861205241050258
1.2126610109587799
-0.915923868117425
0.3173662641626341
-1.1636394183087713
-0.1617803621458125
0.28777842831865363
0.030552173049581813
-1.0796546171607049
4.468010583205404
1.2471135192664478
0.9123988925455219
-0.9728803665331526
-0.012910335609883528
5.732830190256118
0.04296909113133491
0.8920384319204845
-0.03370267309080565
-0.014318264558593146
1.5563896250847016
0.18902609954552363
-1.4575700661945667
-1.1447026457484797
0.4929847508315675
1.0923812887519124
-1.3087318525906768
1.061747607089572
-0.41439359439618106
0.6071079195065138
-0.97997318428267
-0.5867594818598488
1.0076819906327088
-0.959335187820356
-1.0421339820520754
0.43529219776798317
-1.0564130800973275
0.03668116090684734
1.0405910743953255
-2.5426599920340296
-0.8218060555010973
-0.3119455672648892
-0.8516530515098527
0.003996678290212899
0.20906163595338012
-0.27231305685313706
0.8988374342326385
-0.20331071760335045
0.290415073218743
0.010580403338027572
-1.005080376823686
0.9793565915234765
-1.003787733867279
0.6129004645312837
-0.008724040786821506
0.5514068933932581
-0.15036736433520423
1.5272322764915076
-1.0968365667858209
0.04619280800617396
0.6788342769214206
-0.2561347017908661
0.6930314054505939
-0.5233110880828294
1.0095257241293663
-1.467057561617438
1.3609614210612277
-0.015395806375132291
1.1207757939407208
-5.219018230635003
-1.005758456467231
0.8899910298807064
-1.2593790244735683
-0.8658115225191798
1.3048148633861574
1.0702734836116512
0.8581768151690923
1.5968069266496259
-1.0631648944164032
-0.6936340913487743
-0.09367293534191773
-0.8813332207879581
0.18439980416187843
-0.3036503075060331
1.8683996556871634
0.2040078575791874
0.16349346256675287
-0.9395238834564547
0.9684800553777437
-0.5132773684716807
0.016806134053060102
0.9974598936782058
-0.9604539804675953
1.0534881157936649
-0.9599493234307155
1.1155923211413108
1.7072470166934386
-1.0198874688717052
0.7880809616595272
-0.04030343575419906
-1.6437541241784421
-0.00486966318864681
-0.38541013007793135
-1.0890406594483109
1.0349002204250204
-0.438726066751978
-0.04977360750967149
0.03539521041473717
-0.33404752002369875
1.1398234210720264
-0.9114652328776737
-0.989209432443746
-0.13247425869507987
-0.7035542414673007
1.1583665432945252
-0.1845436108446621
4.9823563718043085
0.7710406812379474
1.7223459053498493
-1.122472892092713
1.0564847135905535
-0.1765026225986721
-0.34077353319780007
-0.5103153386934919
0.9114939102467106
0.5567694046841978
-0.35966832073998845
0.12138801806692646
0.9947819467709695
0.03302718530816642
1.3023647358468218
-1.1799837207780195
-0.642640893501995
0.0025514883183700454
-0.9530099436389049
0.24201077815671498
0.9711378523153298
0.1153178056333843
-1.0873998751107956
-1.3353028407900103
1.395827224095056
-1.026461694004719
-1.0737184902568426
1.547021406078641
-0.056752063920044574
0.9418570644831936
0.007948445643618641
-1.0606930471065557
0.08132334053868986
-1.5897549052753113
0.7655105041885832
-2.3451849176100703
0.9805570681064815
1.1545600982441244
-0.987129206527602
-1.2890395011979894
-0.5417986687517344
0.48250266300136946
-0.017426641667727963
-1.567828444329188
-1.7555891204956764
0.883336273022505
0.9124661516940081
-1.043134515461704
-0.1677740732439894
-0.006003327953365118
0.9004657986053686
0.15242130118465344
-0.009999342725167597
0.021178950311206042
0.3004504413181396
0.10832937441522611
-1.0143626906967433
0.4275436936381814
1.0196044077010034
2.9573843617571915
0.710992309849612
0.005009287384183214
-0.9717169455875011
-0.5509466394742969
-1.1390710612749055
-0.9067970700761407
-0.37328609873602336
-0.28887276997057765
1.000653874496105
-0.49492021644792455
-0.5022554586974932
2.6037909787159967
-0.08261320000441667
-1.3934102744885983
-1.3393637694848428
1.048439456601404
-0.16013609575943913
-1.2610127366398751
-1.1232242454337722
-0.007684229993086384
0.43546902309004504
0.9653153859221022
0.11949343072225158
1.7523546907092933
-0.8011679793933295
0.5293696849643497
0.540227353089043
1.147199099854874
-0.9527933297634784
0.2904920516010614
-0.9664934502497964
0.9409087631882661
-0.8552078068845446
-0.2620728550284731
-1.0067515185071552
0.0007111677184603506
-1.5482186678224352
1.5218828167521266
1.1535529843678627
-0.9517094843949517
0.001916031296012039
0.5627828103445827
-1.1873885538588778
-1.1293626077985406
1.0102296164342532
0.023464650545261163
-0.4109736931161493
0.9990498172789719
0.4152586828617245
-0.3146636361536481
1.0033248588814823
-0.1976921821164654
1.0920564950411615
0.6966478102572806
-1.6021240032978772
1.3586284744678434
-0.9160114521900915
-0.21621931552257492
-0.8032181775146221
0.10398124621920485
-0.20755948219100878
1.032397351618447
-0.5337523964728097
0.513158531528176
0.012957777347996538
0.011442506942686595
0.9400710771507278
-0.5213280559270834
