-0.8520688205911415
-0.024252370250354593
-2.8454997218973577
2.2285078900218815
2.033653277811918
-3.477449962222582
-0.22542235719878748
-1.3630322370792798
1.6580692694535484
1.6898905723390278
1.745071366006567
0.0831982182686429
0.40801329558591326
1.4587046406190534
0.5920297356485072
-0.1092392025077742
-0.8981356285034895
-0.2674417223267011
-0.824899595533356
-0.4188681965799986
-0.10995601777165388
0.05453252683466263
2.0131056111509933
0.7684958287723198
-1.8758220343975267
-1.0269234728098466
-4.45988582790405
-1.6312275724659164
-0.75585183846523
0.3662635984653468
-2.3326500434598296
-0.602806157440917
-1.3792886686550154
0.6930101959083312
1.3084098986546044
0.25343439664790146
-0.054638388878711974
0.13364132981914945
-0.07551839253105623
0.10931091417190508
0.6991247021845783
-0.1620064547080452
-1.3712348892181034
-0.6007784337322778
-1.9802157578373987
-6.357573200681348
0.8574785975203133
-1.2599958697098674
0.10043556354667801
-3.7638023333380857
-0.58239453402831
-0.3255918714241566
1.4319903326391927
0.9283485247051947
0.5875158139747163
-1.3810909782265144
0.5304047469262541
1.9333531472655696
-2.4227235208228377
-0.08158213678121895
0.13713438352584234
-0.6016344180820239
1.6014204527659146
0.4858014172940927
-1.046314757414496
-1.1951725003328229
-1.0172211841547905
-1.2252850700115907
-0.8320811169565435
-0.5933487771300965
-0.16263693238534485
2.0159304120199906
0.04785877400078923
8.222705133012136
1.460644815999458
-0.293109603678962
-1.0552862319808265
1.4138718112155488
1.287666863732895
0.42983778860514577
-2.950218889516658
0.17270500869773614
1.3146860268856224
1.0712510243341073
-1.0045687586318988
0.6852330865527915
-0.28175594804517845
-1.1690034477595033
-1.8451390423328937
-0.8161002505875894
1.2484753680912526
4.27545658081225
-1.860354381230142
-1.1671133434601557
-0.22219477680824745
-0.3243810881902256
2.601627941530522
0.11620746922968604
-1.6719355963396143
3.266540806557915
0.21132999563546814
1.3633815837554628
0.34912944026232184
0.5363615971556918
0.40899382787912714
0.5720205320900347
0.1492764434809025
1.5212203919549596
0.15229623266878486
0.5183098725126107
-5.4263435392985
-0.1492967986798849
-0.10592495542299629
0.621141703841045
0.25431664342854693
-0.038754433697350356
-0.40490025456026457
-3.162480253790459
-5.973088537042506
-7.401248108410532
-1.2605740567899835
0.7436987884801051
-1.617948612844494
-0.9539960787695826
-0.005792880924877938
-0.3625994238920232
0.38248262779512454
-0.899520548538299
-1.738782994679906
-1.1509148147296877
0.6323392487938428
-0.4225546947545017
-0.07213568801604853
0.8176248638442799
-0.7986245849743911
-0.6092540988769689
-1.328691343956327
-1.0044186908799397
-0.12242475145971597
3.6282985241980796
-0.3003501761225344
0.6404482585382691
-1.2826162515548327
-0.01610614076327859
-1.4054463913646473
-2.7453012569952757
0.3290306820972152
-0.06031347082463296
-1.5594177565651335
0.3280549025105168
-0.7319768209013041
-0.13919792708749357
0.0025522643427243284
-0.9819084302993248
0.9688793049450595
1.6077410833320844
1.47093731256518
-0.7543181271577334
-3.09480021652156
-1.5120480657054003
-1.1437469469067032
0.3950839113804361
-0.33593469709513707
0.0958078433311784
-0.021276711385696524
-0.9613502520338689
-2.1907109853300195
0.8068132173922478
0.17932324576902153
5.560532736340105
-0.22213155553592154
-1.6102571037645812
0.3967967891728415
0.8218253909981922
0.19011872898684054
-0.07929476392306847
6.0566566045372205
-0.6964202466121674
-0.2157946886913773
1.2087980450685096
-2.047675769724321
0.6159237299386582
0.5426026787442046
0.10362820635916357
-0.496755448388484
-1.6725375852335294
1.410062183726144
1.0349048678007997
1.186883002765325
1.1212827521119557
0.7290948006553979
-0.9835084049147091
-0.8257210166962319
0.15796634952940533
-0.978202307974827
1.0066608482738635
0.15624659752660605
-3.0485569929728507
-0.08898636605407001
-0.012080263509800807
1.0220105407664972
-3.1749689365259823
-1.2301483175599675
-1.4728369141707172
-0.8403212504251
-0.8943683435351316
-2.6291803391884367
0.10860081975415585
0.0013758067961763612
-0.15204872357154697
-1.293875572893842
-0.04907826138727192
1.283607613936387
1.1323747884895357
1.7270112658207675
2.360326817330279
-0.8406574068716693
-1.4947970570123628
-0.2532841941970116
0.6957444625729603
0.4522635001009288
0.8071974491534817
-0.4812607502591188
0.8265230891459985
-0.3303061726211516
-0.30527461959420166
-0.7349151754821293
0.4792025740233239
0.8792172398405981
0.8361708350977289
-1.0170534453963644
2.4510364840151793
0.24504020064441645
0.9764016480358555
-0.11522207941954633
1.5483842721250722
-0.8573282212697023
-0.8456361051722037
0.29488202441514333
0.3028125022976549
-0.24213033374584098
4.444175146074324
-0.756151323568476
1.3003336081409793
-0.2306609349816204
0.49293729346662
1.3606364495524996
-0.17785865699211847
-0.3836899111465906
2.0398775854286626
-1.6563389744267616
-1.371603801902474
0.6354974335669614
0.8304282215347433
0.3002426858435162
1.1088275093670659
-1.2789206471068824
-0.4927992580974294
0.4376211933839153
1.6439648044709925
1.400550417428374
0.40065031791410705
-0.4841470192218862
0.9329751875627788
-0.9887519358361704
