-0.6779671512705234
0.8783714637312823
0.504537211091927
-1.343422973701621
-0.8098877071246637
0.914951481744331
3.2885805596066158
-0.5405831860424908
0.031207515175175005
3.5845156709644916
-0.6630581843485954
12.917427555569377
-1.3351292157169083
0.5802607705472664
-0.34527600619815624
0.579940512114963
0.8608249410428799
1.221156055076541
1.4928008179138839
-0.5773640418378254
0.859447078293815
0.6360014118953154
0.42581789294198297
-0.8791767197436449
1.1379400219572422
-1.7964614826709442
0.08948306177370925
0.6055201012302177
0.611284276652096
-0.3694383907103038
-1.6868603205530341
-0.196454831811517
0.08379004856807276
0.6408341681814947
-0.7376244838043773
-0.36407777102794847
-0.6158008470137097
0.49836729463337803
-0.3186047151607568
10.569657818083884
-2.718745200052487
1.528250555077821
0.538134385732332
-0.19252488627193984
0.30715180263255926
0.5516306458332271
0.11415562643746917
0.01496561235046212
0.18408887557300863
0.12079021570588006
-0.1025457031021362
-1.3190729021994327
0.7276730151800256
0.04119808833031477
0.4360494464919934
-0.9884774837497493
-1.6110140328821037
1.0588640804951497
-0.13687543306426814
-0.19731360077040755
0.2581419118718453
-1.848166718729212
4.089905818641721
0.4114186797838651
-0.8464713341502751
-0.04000090723931122
-0.033347024478994104
4.015972283625152
-0.347855104823666
-0.07053456261014371
-0.06365851081254376
-0.32983492276825904
-1.1586765756798838
-0.39778805462945555
0.5573502520631575
-0.8240642003764658
1.0166747393437328
-0.29413997729628194
2.1943779677206026
0.8288549694433041
0.24580438979267827
-0.40838165137611954
0.03741454342340223
0.9760006526672915
-0.492859914399583
0.36633684074747663
-0.72685352784082
0.02301105296714223
0.17641851516171775
0.4423659523379061
-0.4890801854096654
0.4019132503909883
-0.04579737727216483
-0.050380556831667575
-1.3794554988789807
0.987894826975942
-0.3374805027284211
1.0024715602528456
-0.2100518713235961
1.5341274321253169
2.071463720332709
2.3851065646912684
1.2980061324934011
0.32802319107228245
0.31797840304812663
-1.888881967635594
1.2464720323622964
0.3938151287384178
0.5247285109057637
0.15320054998969118
0.4530926590925521
2.299241604619814
-0.27910890323472826
-0.22933608976441197
0.0494548207154607
-0.30649724416655466
-0.1041700332172597
4.8323503460776305
1.293847579073169
-0.5290741947758726
0.7429161323916785
0.07631531777528522
-0.4870981288347787
0.10439327629143536
1.2508445997544142
-0.08308132818279601
-0.64248337816765
-0.8196258786646093
0.19080179750708365
-1.7135767480454074
0.16260651817748106
4.008423381279133
0.7981920716836954
-0.2811535769443665
0.2095390253525456
1.5339049859800267
0.3590300449218792
0.10661415365280241
-0.29679423701588437
0.5499893587051614
-1.3535107014751577
1.740263914260922
0.01448718470854679
1.0246010364733749
-0.8207673457923335
0.73642753277835
-0.25431766348903917
-0.6922164971660314
0.930687531022692
0.10469895519760275
0.0025270277694808448
0.26144296386687765
-0.26889244992946576
0.686360807778252
-0.697289169338527
-1.5251027589058284
0.6254692457830999
-0.8929937493273439
2.412647470885864
-0.36329918782800175
0.06524555884330968
-0.9864014842717492
0.4012642973221796
0.9042100704572862
0.3774715443317671
-1.4214738454345643
1.0379738783701262
0.02965753899886258
0.8518972383098093
0.06731603829102926
0.03570806804007922
0.0026374794292614873
-1.3567856081944965
-0.535020037559662
0.6535964922479108
-2.088943867805798
-2.4970670227089293
-0.4378385231867032
-1.0067537822636592
-2.485524767297818
1.4302457305538308
0.06443171154376859
-4.130869786822019
0.8087048783808982
0.13063173725244193
0.33238945638175066
0.15298255982905323
-0.43175008352676497
-0.29225253197706574
0.4558311442774562
1.0383051870507498
1.1908540917041301
-1.0843768568647079
2.2324252907993696
-0.17424957091025667
1.6868361736653348
-0.3521945665430905
1.8790157164098742
1.7313224569644474
0.5455692680727071
0.25312581726728317
-1.4411482946635825
0.335862902315652
2.152837292231816
0.23308941079906184
0.28963696587426874
0.38429595642080533
-2.0461523899481433
0.08295171354299698
0.5740702723789431
-0.7087109169249124
-0.5542723080599203
-0.06959492069037848
1.3197539334327093
0.8512650132467428
1.8137726596292798
-0.3984156687954783
1.0564659582111176
0.5690307720449015
-0.5833691950443942
-0.5966290442119591
-1.1349801435490268
0.4901705481477395
-0.3738563132677641
0.2126034877900355
0.5826012076450529
0.34318078771390126
-0.303389560141508
-0.45774628702944853
-0.8985933730991171
-9.405382666695617
1.463729445656954
0.8211007189065509
0.7135893043963986
0.026666898354503123
-1.9834495840484618
2.1578409386805486
0.24360562254484652
1.3599635214168753
-0.03487089042204071
-0.36886556070428256
-0.6779572839763666
1.3592521140714016
-0.06367495201031198
-1.2571883952317466
0.3650772070511766
-2.344170988416204
-0.7489774648136516
0.40640371311536394
0.23638324942674713
0.08692903998819197
0.3228532373911458
-0.531237052039749
0.6658097403802965
1.023049213615434
1.0206250825608458
-0.6178496623177595
-0.040748584046911375
0.5773210391178651
3.1497572268388705
-0.3183552347277504
2.2367998653179653
0.06377846754130337
-0.9442734578305361
0.3833917738263732
