0.3086007654438801
-2.39494890824229
0.18114596622890874
-0.4131647017071262
0.5276237160358057
1.0662045087325918
-0.6801798466830048
0.724658534315961
-0.5709874182345009
-2.380174490541663
2.739654949046534
-0.8777390503141141
-0.7628795217117679
0.10325929121868403
1.0321697220460078
7.600922378573921
0.9479255559632856
0.8133111207687845
1.1149966394286013
-0.5585912626049794
0.5175852082281531
-0.7084484497513747
-1.551997550985543
-0.35965179160787286
0.7869746661046428
-0.8904518588660038
-1.0015311963490297
2.563849627960934
-0.46873164652682436
0.33081894474276186
1.4397378295450145
1.348282423623579
-2.003422379817906
1.0967251648326721
-1.3724194954340074
0.318889395375012
0.34687025544162975
0.08174951218028104
2.266961333533403
0.44980805366718146
0.5044005173310676
-0.18492613578128708
0.3200222673123628
1.9082200415561137
0.07345922025752007
1.0955732232945814
-0.2455797175816996
0.886872514160111
0.6785470775382072
-0.1853803228108704
0.2987830414028501
-1.0874809880447869
-0.01331441329557978
0.5665457253455579
-0.002001857885302251
-0.8526265590203962
2.1066899734536615
3.3886808571410874
-0.10186760727367843
2.033488020272309
0.3516742280447934
0.9382221554419922
0.047969150348930956
-1.65236196442138
-2.0916406831983587
-11.599110011734252
0.7509444319421087
0.6666192822973633
0.5658859798128932
2.4940340799704437
-0.7717063204120275
-0.25240788131303576
0.6454908148076803
0.4849904296202933
0.0690471484754256
1.1036328135957316
-0.31670518875190845
-0.4228109950544171
-0.16865022141083674
0.6916444478235103
-0.5386072647340328
0.2586394035496254
0.32306305277014014
0.6776108799989752
1.7055177677635849
0.046779097193294095
-0.7115855909540547
0.26533036424559137
-0.3663848369210115
-1.0603282439690962
-0.45924524161220825
-1.5336582311301608
-0.47295030795181414
-0.11103125105046763
0.12543204373869088
0.22387450347934554
-0.03237950915204563
2.977590293545542
-0.7046677067321545
0.10610532002771865
-0.004811463300636296
-0.25033858254244495
-1.1944289981595029
-1.0749009324244911
-0.15109950665049732
-5.147922897073624
0.16991715764443427
-0.4490407114499845
-0.03651485431691967
0.2870668184092293
-1.3456521877508383
0.10473397519016939
-0.6273953306978467
-0.5282941176786089
0.35946802622670504
-0.7286390542410067
1.67753840774537
0.3872732602824067
-0.35813755989773044
0.1602497875446331
-0.38360401302991226
0.24892657729786935
-0.5299920272515546
-0.26838884760297865
0.10965586115895543
0.9570726527407015
-1.0225472008462564
-1.3524412588623775
1.1927671813398604
-1.2482822111615797
-0.43198628008873063
-1.3881947513567903
0.09249444106896973
-0.653172638228404
3.5768632412494075
-0.20854713416214615
0.620932869720701
-0.23973952290484662
-0.2730748034602587
-2.31055835539882
0.5462297824617125
1.1719343766238135
-1.426990541813547
-0.6048541957700013
1.1240728218712084
2.883309294670801
-0.7607021487813813
0.8019539768286105
-0.6338101589473489
-1.0552720012848558
-0.9258964440095353
-0.1764147989465611
1.6150836445991352
0.14219451010087408
-0.08963563964750691
-5.030617393444643
1.853661967813703
1.9621230455322802
0.6736456976806279
-0.3110696197998991
0.2859091722440191
-0.7413347695927084
1.0200320129241274
-1.5984098283430537
0.867147337552032
0.046521654649481846
0.5720272489785482
0.5180974891992715
-0.38291360063549124
-0.17785639579127419
1.0000481982327398
-0.38403250747162726
-1.5507404282977624
-0.06783268641076684
-0.1508261936243899
-0.27811139329010415
2.1786644058768765
0.8702673113209638
0.1829344638592606
-0.09147944309218574
-1.0820885028195035
1.1895060057019258
0.35708246360871176
0.27834549153526966
-0.762215566468429
-0.25939693162235644
0.16161241537259832
-2.7808425616219155
-7.084079088914234
0.16939812831085005
0.6793100903182869
-0.2541999142324779
0.9159227538778215
-0.1924922414061641
-0.41089050576258834
1.5237267919267323
-0.26348800009564455
-0.32824337778403745
1.7089126395215637
0.5150804937503194
0.2650437115664407
-0.0932512320904686
3.775772982714752
-6.0597606862470546
0.6212217651561656
-0.8134506313636924
-3.5543202502310955
0.3574585367190418
1.2407934877794975
-0.5769876677696246
-3.179148637949289
-0.1868289047376236
0.4040915185604783
-0.6229051179205536
0.6897855619553053
-0.5379738768825753
-0.15829353912687277
0.0003379061622138524
0.13257022122845408
0.11096850813523892
0.6801548478475872
0.1961657729859514
-2.555155355511048
-0.5596868059166704
0.3447055409146935
-1.0631332803372142
4.344417974296862
0.0016989171579875895
3.0977426843111564
0.8893684368615438
0.6771235572984695
0.026119579963126444
-0.45749571171976805
6.043097794410431
-3.3426856363430484
2.0637707810287726
0.1403697181692086
-0.12561986684997434
0.5092877448813984
0.33372070847123614
1.9583645408804435
-1.2459481911330683
0.267572743350231
-0.9029825979896862
0.9022927929004116
-0.7199846041467713
-0.26732231947004137
0.032473714492679384
0.05598412834194749
0.7774189775593461
0.0652883017870254
-0.6482175265502205
-0.8300857840787483
0.6182847489869197
0.06279596429088247
1.1397756899045113
-0.5932164174303396
-0.2141581052259726
-0.5152804140126264
-0.2129015114449117
0.9599102679088479
-3.7675898866306015
-0.4947809003639962
0.04707131436479006
-1.6173591102057985
