-0.9266919804852674
-1.5513173087916625
1.220877703729159
-0.9526761609639506
-0.03311484992803691
0.4675663454258513
1.1831622234891
-0.9391146098272134
1.2848753809948348
0.41913761250742476
1.3119587908279833
-0.8123567368626573
1.0015430972640422
0.45404556057340134
1.968974474168154
-0.7191051631098166
3.8253332229465764
0.6908324248104076
-0.09289964229535594
0.06777238313105742
2.2792982051659356
-0.9714292790496485
-1.924662017440478
-0.12018535773192074
-1.4618859352252949
-0.23268873462900516
-1.0065980700217307
-0.9237699631338245
1.3562007305406858
-0.015695678009051393
-3.2787215130718907
0.37140465329170574
0.28212523689402663
-0.007535822645719413
-0.14454487855334652
-0.7280083745901221
0.6907687543882981
-1.425261303667123
0.7718148522213362
-0.4503944932340072
-0.9050625518560572
0.17551466954572095
0.19993087732667333
-0.23541854550880076
-0.5521986245109604
0.1104998641445821
-0.5649813157440805
0.019433022703155296
-0.0790474169370205
-0.2727963438294077
0.3188132651113838
-1.3398067233099815
-0.37628468251247094
-0.9866136862703329
0.5410055759027717
-0.005388366484653855
1.3786001678092912
-0.7027606256863348
0.18421908602703518
-0.6839101498158634
-0.6769689138692186
0.37999897270924254
-1.0264745937847766
-0.9350443652741646
-0.24545530442745722
0.6878555129963932
-0.3482166347969341
0.047230307349799175
0.3048891819860843
-0.12831501420614516
1.1843313502507056
-0.9007414311181924
-3.0378077947590927
-1.2369624402900492
0.5103423744381623
-0.011972376063487247
0.9881900785296855
0.6520389944840402
1.2650316540328652
1.835052156102279
-0.1505489250913723
-3.3606399263336106
-0.29965749902034816
2.3661597003847663
-1.813543493345206
0.6926295363641797
-1.3465533097238631
-0.03488638987633777
0.9282683088343732
-0.5458957425677757
2.307781968581433
-0.5795892788729702
0.6410459003991942
1.3464566687175845
0.5433228518211974
1.5928470837343265
0.5079412993377938
0.8658843709218056
-0.24914179818581592
-0.9509426450532664
0.9602251327355086
-0.7208637853046737
2.275685579988548
0.5093585562476425
1.2138045320059678
0.6239707829253344
0.19645197127863226
-1.4537746882009221
0.2066746944649986
0.5466117471315479
0.5700465170461237
-0.024398511293759063
0.19637852159181488
2.209008702742741
-2.529751310375525
1.8842243327227974
3.3789816840334206
0.015429936625590043
-27.92462463662737
-0.8459025521714011
1.2981519576732947
-0.10759816097348734
1.3089428853479648
-0.27097159499047346
-1.0374461626149978
-0.7762279125926138
0.6614932812389751
-0.977514391089526
0.7792845633679915
-0.9972191097026407
1.209137317436861
-0.7132900646125605
-0.35501121866458046
1.3755254941041348
-0.28401755965899694
1.0423109244164088
0.1279648061234563
-1.3787685019783744
-0.1899180959986779
0.4376124132723623
0.6410682843035751
0.9413631967069753
0.2575997201541248
0.2740048729699694
-0.09139107772174271
0.011057648995913556
-0.37514893004885336
-0.14368115897392333
-0.3337504812801785
-0.6596927972706728
-0.040562546818089365
0.002757023865663077
0.33963028037289966
1.0026448210956258
0.2197167984539078
0.2011479167212877
1.0337871063656254
1.0157296767526054
0.7914957003360116
0.869489390310201
-1.2091745946853056
0.0531500698365045
0.05042411822179321
1.2117892333116291
0.1532449329648355
-1.2109508484995815
-1.5833275475908228
-1.450809796833317
6.934258298334323
-0.8708709005919718
0.1228506452388225
2.7110018952775476
2.3214097479198887
-0.15416047065974997
0.49806019646255384
-0.5161663285590155
-1.1669121593978413
0.10836888022188418
1.2287668111468542
0.4443255204649872
1.092355456670439
0.6439529397604704
0.34402401983574105
-0.9453568340447182
0.3189669602346697
1.6159071281952135
0.9016758670284455
1.2341009610289737
2.6397393388545916
1.9831254323061338
1.3309207741748617
-1.6323968202667136
-0.033986185718420624
0.5422372983320884
-1.5299562898150814
-0.036185582887587796
1.3592346248391258
0.6521779991778178
-1.5611926269193588
0.045559410898339064
1.5458764729338534
-0.802650855954008
1.8307348091250124
1.4369412460464064
0.2921471227539585
-1.0622694039547353
-0.8859601126594121
-1.6548012153762695
1.7920511810084816
1.257099096647989
-1.1232945446497766
-0.16562396981701222
-1.0071052880322546
-0.06005984116622742
2.3378262729967276
1.1381856793582632
1.0816541716406358
0.03482355037097969
0.5087451253170528
-1.45432107905147
1.74531919282681
-1.2734119825446244
-0.48468926932181755
1.7383685116651764
-0.15365749704681128
0.8092958073968658
0.9871693214882541
-0.38819861704002395
2.1665431054061797
0.5729015020737492
-0.6670398726178929
0.8863968576366104
0.8013454845081451
0.051823633933383864
0.8741703018692859
2.99305925390249
-0.49179421538901125
-0.8721325337031665
0.40392874862252687
-0.0397851265863306
-0.18709405489583134
-0.4670307193223796
-1.0899137140651307
0.39614050508781257
1.825406177278993
-0.7068118062227753
-0.46828034690657716
-0.1247197262127891
-0.35615413289153347
-1.163509592808676
-0.5827039207856857
-4.352234703614146
-0.8672172865936372
1.4417700042644896
-0.6837800285807649
0.7071574194562068
0.07446802367108522
-3.331800147326198
0.7449522296170048
-0.8758103584750593
-0.03741285065460503
0.535663615214593
-0.1435598641559787
1.3036681985592686
4.516384470464078
