0.38774782114436657
-0.7343653588561931
2.961663622828926
-0.27738474751284714
0.6296653383599133
-0.08914783171181788
0.27240212312922807
-0.26973127425425847
-0.6297518882233866
0.3984339632675006
1.5658048446267205
-2.3162621357821465
-0.9424607681743655
1.2422523648318806
0.5251272442557419
0.3282258365685661
0.5412120966821237
0.18844480526859442
-0.12171818250937183
-0.008842904859104871
0.07510720330617714
0.517558416935217
0.4594832521294659
-0.2344410987090931
-0.6225135984969515
-0.13622166929042323
-0.01614471298468765
-0.17590220530810008
-0.39640422031297823
-0.3807768203519712
0.7699865862783977
1.2070615986308018
-0.36313372928595256
0.7259249872990188
0.9588903423566364
-1.6613515955890488
0.6096148727208901
-0.8029257115084482
-0.4714970032780661
1.240610553957059
-0.5787651663355071
0.35060660545954164
0.47516042837326855
-1.027459461116363
-0.1969295065135082
0.10705444557092611
0.7205400498356478
-1.0279447146739238
0.7370050936687551
3.881065707820356
0.46523766790067433
-0.3845126193985163
-0.342190305771128
0.13919913035982648
-0.8345069461389569
-0.5342646630447134
0.18529207890023766
-2.0743045886254805
0.1399939106586363
-1.7616543525092736
0.7695457106920328
-0.20732147057037087
-0.4641581736260136
1.85609422804899
-0.1317429968716397
0.9775580828243913
3.940638262704061
-0.7224470133031395
-0.13913775162801134
0.07286529480781942
0.3291056885228055
0.7509250650126456
-0.9481680089309978
-0.12006632137963713
-0.05621643552458809
-0.818057669896295
0.07522211185885791
0.13205876872167888
5.167320701779102
-0.6166578315456098
-0.6296719106659517
-1.2189011129408824
0.09388199405228424
-1.147626716799757
0.37306145056628726
-1.620909938721926
0.25579523514366365
-1.3818040187770115
-0.8392027060679991
0.5794029445347553
0.2766188044459574
-0.37305284317033366
0.010737509159526244
0.4350948105914527
0.7630038369916693
0.5357868473825055
-0.2774976422312906
0.41660826354345387
-0.5929138659698648
0.20400227333183424
0.5654480207130832
0.6655178378685951
0.08835091779711368
-0.9443854509850437
-0.9852507430889382
0.007896922736230882
1.093287293552291
-0.8195876288019011
0.08402437704878633
0.5672137502061938
1.1098365271073964
-0.9095626639845963
-1.4746177694875993
1.36533991748382
-1.455306703430826
-1.005393780163153
-0.19921867944116783
-0.4884604200406861
-0.16921188788237043
-1.1668604650951329
0.7390482810157502
0.525359664441854
3.3226220063351826
-0.8691840006642966
0.20146178319873487
-1.6452189719967496
-0.5768812284608167
0.39032347371322773
-0.8506605712071171
-0.43544417840261324
0.23630192568710667
0.11975561171045569
0.026989738998011555
0.3303666370500038
0.15935633290813736
-0.7155613560781617
0.4106342430920234
0.3304089206750609
-0.807685975422359
-0.21728468287005312
0.9414466332438148
-0.3222924236117971
0.026566626780653524
0.7477273942363369
-1.2744884728374444
0.6898455779397334
-0.4695596453527827
-0.8996557959367204
0.9121124840490377
-0.23638735399197797
-0.08013458723817654
-0.27750303878011995
-0.23736250561516023
-0.9826741534909945
-0.25417412761138247
0.5200728005224613
-1.1255684382572553
-0.18228972622415293
-0.45252472391069953
1.2800500581915695
-2.1835664798187753
-0.32237141456929286
0.2685683419116297
-0.563976439217927
0.10141965075855845
-0.6892448685501079
-1.0621867473076074
0.3059284464106422
1.4495657772648423
-0.18983829525896725
-0.8726330602356432
-0.4979304767753741
0.3124825019680596
-0.8140456356121948
0.46492137244622245
-0.14679817053888197
0.4978233446077073
0.5805209871478356
-1.1202400194123474
-1.0825402229136099
-0.0791345874463531
-4.023186625895907
0.14552467995798196
0.643851578662997
-5.653557913690111
-0.1727756687667248
-0.25435528291623977
-1.3929925302812212
0.1860506320426414
0.5367917981234813
0.28783389752462707
-1.4929157842447596
-0.16611634376904735
0.13657351522038017
-0.18078442116164686
0.21466075653965297
0.5003129741073025
-1.1380473188843694
-0.40110805022005125
0.4784137843647511
-0.2862640405217922
-1.3562624350304446
-1.005661603512004
-0.03446728325906725
-0.22253401718697052
-0.056828370599309466
0.2095469674363214
1.059730394924713
0.8870016685880416
0.358082024349049
0.18295325261208198
0.8759031623945192
-0.42646930077681894
1.2401761052370366
0.4284845017006371
-0.4091319666576009
-0.0715325864096822
-0.0761201021092895
-0.4588867898582576
-0.6333352269903918
0.544902926986979
-0.3360346098421198
1.0519065145453708
-0.444402295789191
-0.06327596626280114
0.6281373735699248
1.4118963972649137
0.4971151703474446
0.20114088583132675
-0.15003976870594798
0.9300769246068866
4.635922610541851
-0.7591256774015877
0.9977871243529344
1.7036071157912294
1.8083548267090057
0.5275811267883598
-0.5375036839615472
0.41778722987553396
1.3203892015080225
-0.9559586808654524
2.279101505068903
1.4334557075650276
1.9237790490150295
-2.0639514083008685
-0.7149635838449176
-0.8126558994009347
-0.1632787266961967
0.8077322685753612
-0.7844427336074822
0.6366509401752183
-0.007205524165253968
0.6224185174847912
-0.8628450850764191
0.7079841072314024
0.09716802944645013
0.7488236557473479
-0.6367518399413864
-2.0104380735860277
0.5571603556644558
-0.43039095394999816
0.02146559451216456
-0.4972024902845801
-0.3789702013600539
0.2166737207683801
