0.06697225163586305
-0.15870470670571968
-1.089613114937669
0.11408527672418847
2.1391106756673253
0.29485298655281883
0.08160707904575637
1.2654189238279427
-1.6502552200304237
-0.5429620110646178
-0.47845424259857755
0.34739423489217175
2.361265672796506
-0.34286314876464297
0.35687223615715313
-0.23082314519480507
1.8667761112375763
0.9186008018693881
-0.986762186047401
-0.9281296946339967
1.0242294900331717
1.352319931086191
0.6883523967413937
3.6999628691542688
0.7845275061854413
3.236384006573709
-1.2370561175356662
0.24716579271141603
0.150340913120967
0.6266321214682021
-0.33782150794405164
-0.38793792605829663
6.8885891224439995
0.37919199397437203
0.05711087267651099
1.5363290744205809
-1.8071315614995156
0.39542360435255647
-0.5520188955697733
-1.8268342205591863
-0.6063137116379093
0.190222902453282
0.5144869350055978
-0.6117843872451194
-0.2871562227516909
0.4958238129548519
-0.46841983055477365
0.0014713566667799234
-0.5476033559553839
0.4227632086336771
-0.37028592585584175
-0.8938698172277048
0.5916784489383102
-0.15460208768359673
-0.19915125838155706
0.4953685937322263
0.7397602742915788
2.2142290818296515
-0.450956576332649
-0.5065467273315369
-0.626138969966061
0.40213231649272396
-0.3044628540407894
0.1899590046261614
0.18347579030597005
0.8427997354050107
-23.085147319935768
-0.5934104921994046
-0.8373450948031054
0.7265003894269892
0.8722261693870482
-1.6899098746980932
-0.3929381046165554
-0.657098886073422
-2.3072211736989288
0.6683194302745252
-4.172529330184122
-1.7928170510992731
7.108331929785534
1.1886247300890302
-0.9875429002117131
-0.5496407628992153
1.1440566069625837
-1.2008977384871509
-0.474132035749356
2.1203465664591477
-0.921362215341216
0.22886193582149789
0.1963820190912602
-0.6180885714885063
-0.35620824209212654
-0.07417853001013175
1.193381134091994
-2.216489771847444
-2.242269502671895
-0.5010843359132652
-4.490301456072452
0.6072764171493312
-5.644449585795147
0.7399213705426824
0.37045526818579316
0.0124670536990448
0.04378794928633156
-0.7235126880893245
0.052497893682211194
-0.3976554140528551
-4.953350194867237
-0.10552978980663386
-0.67484729025129
0.4425039612521321
0.765096916597134
3.0253418938121523
-2.189878223500159
0.5344038200153676
-0.4069885490178058
-0.8921619218183743
-0.49308356902732126
1.991440758693643
-1.0261462380819615
0.6158067555268563
-0.059384198975956606
-1.8259678308145546
0.6460136513154694
-0.9075682650603177
-0.6776633264282363
-0.2473369268545216
-0.7830441889072204
-0.297363786863858
0.9162728539766044
1.0896793333552346
-3.291280301579186
1.4555075810415168
0.15712521201550306
-0.19623273716051398
-0.11189361238480632
0.47853992505055476
0.36289285379779496
0.45117771845692983
0.2802945795406968
-1.2897049133559442
-3.6183204030998564
3.3203114650435888
0.41967662187073757
-5.270167389345796
-1.4006342854722522
-1.4562583437736092
-0.20951990328500797
0.27529726562160534
0.2607532840570754
0.011741691959396292
-0.8974359114109068
-3.421595297176016
1.2730428358633745
-0.23042071331676542
4.756805381594557
0.018086049650057452
-0.34030322004550173
2.9026063390263945
-0.10675788089699409
1.3732918577773656
0.40989935835972086
-0.4890529418622636
-6.762252172442691
-0.8249729524932967
0.13185214284169858
-0.2589154049644185
1.5859859346996714
-0.9192639729101291
-0.2891707146421485
0.44637895623781754
-0.059616417150407275
0.20373947054812258
-0.4179147020173645
0.9796986138862053
-0.49769819348302774
0.30671309752865356
0.8001734322383753
1.1409614883787014
-0.8939107591501984
-0.5978167334523464
-1.3373040683342894
0.49627113846325593
2.5310491153008767
0.35752177938177765
0.2388375154940554
-0.41251403364190214
-0.9149186379456191
-0.10390189395825822
-0.3453129389861915
-1.547667959386725
-0.3966159646294123
-2.6067180801720546
-4.535586156162805
-0.14550443961028486
1.0247295228452176
1.3645683114317062
-1.2436231174442056
-0.8237805561186999
-0.7831485608378002
0.2886132648928763
-0.4030610511715303
-0.461195241755399
-2.279128442077809
-1.1519944053383664
0.0432145825091109
-0.4053103621240022
-0.9194976265878068
-0.48031267605201367
-0.005495982887533946
-4.403512684043552
-1.9848156734386353
0.5203868585934583
1.0425787645291837
1.9302450323139198
0.11801031649594163
12.049379649273295
0.3564271160221118
0.6727284276234983
2.0679097621545686
-0.8043859250318994
-0.4298851514259603
0.4382354641691539
0.34679732251576595
-1.9640544070751251
0.6764074167472034
2.0057892669005017
1.162270037987514
0.16866343770210906
2.6946479481729924
1.5584932079920542
-2.4527896139786907
1.307959060932443
-0.9128877483704813
1.1857003689150192
1.0672475718008454
0.8087880795599058
-1.7383235274038906
-0.9738138222657095
1.2492976514633516
0.48983505959999296
-0.4482269814326946
-0.12467343406311168
2.005653863305719
0.9658480359658045
0.5400889102209441
1.2170388600174185
0.19926594165768463
0.17023246723221697
6.426348748737471
-0.7788561098646105
-0.761683974728266
-0.02268010679503568
-0.551892109275222
-1.591014764062854
-7.661480836276409
2.0990951426591717
-0.5939899427915893
0.4339646872014384
0.19388907807290584
0.03449233873712363
-0.6027976890893458
2.999539611857487
1.9785434578010381
-0.13238040999252673
-1.367656318890551
