0.3017689678794054
-1.1052710299508572
0.9894251496192552
-0.004902550585637339
-0.7514428459514344
0.12180172843457138
-0.13959836502415363
-1.264457650595391
-0.6026671809379304
0.6591252478876454
0.502717107886381
-0.4339536665644733
-1.5592021668721452
-0.1525965759891713
-0.44880901746562873
-0.17516885510425065
0.01493538820529291
-0.15825426087417305
0.663463728277818
0.1379980071267508
-0.3103471604785053
-0.09620071959470358
-0.7520000484566878
1.1079651883185457
-0.6657440069096048
0.6985740908310816
2.926204126748481
-0.6725778660579764
1.0357447529441415
-0.4015179377494448
-0.7894189478361893
0.7522398932973005
0.6343843283609771
0.07005252629007477
0.3821001387699269
-0.28865487171195087
-1.0297248255023104
-0.426237087944112
-0.05825457661999436
-0.9106914869614979
-1.5606946252760514
0.44342379718145564
-1.0569508985540763
0.7882992174686162
0.5326493314950571
-0.49960181951861704
0.8089488046779499
0.9024403474766921
0.661501525656154
-0.1990427608418568
0.5286314770915876
0.823143080689899
-0.29181760426817965
0.264462458860944
-0.37303044414198616
-0.4076401704318147
0.35373443678701716
0.2724322016580639
0.5029986076950724
-1.213189446967522
-0.48284798728736467
-0.7685527872704251
-0.41180314453915895
-0.5286665971137916
-0.19448150108161927
-0.288966330818436
0.12882272515388793
1.9275420906636314
-0.9346703853677819
-0.49202753302410307
0.5597397086124116
0.22899925888539696
-0.48448390779091827
0.6551993748112678
-1.2162912317509906
0.35399276537292085
-0.10528222695927833
-0.9280338620769197
0.18360556895403532
0.9329195886671432
0.0049740841588047195
0.09937193484660567
0.5413124775987738
-1.2062697117554668
-1.0210480568116154
0.06999586149748846
0.07669890547432205
0.49088484615996386
-3.9188471143649855
-0.8778424909359864
-0.603238404291357
-0.43410250492611785
0.5219347979061177
-0.0555918293696238
-0.4904925829472236
-0.5905081408016253
0.3052071040652496
-0.5192077197652734
-0.10206464125771107
3.4900951999359857
-0.5398168231957345
0.19475686095716888
1.0085697285500743
0.39003648529708657
0.4117026228358012
0.7991956549739816
-0.09098648347483353
1.470900727412813
0.032035700805716535
0.35815898266509255
0.2049919983846501
0.7145814965499673
-0.6388057201354402
-0.4619568505749699
-1.5368195942676581
-0.3791602630191045
-0.4842112104652256
-0.33364272831772934
-0.06547904659932341
1.2238361902976211
1.0958635969381438
-0.6745627807659178
0.49631551058830686
-0.6156989321389532
-1.0461445910692084
0.9246819557455265
-0.23237003443525284
0.8441013798694339
-0.3140004601842893
-0.5547287863940604
-0.06553603580548147
0.25986851665078425
-0.1251875827199187
-0.10175674299294814
0.1890269790981944
0.11240933848181768
-0.8403531338906418
-0.13190085927393863
0.6432991351723109
0.6703699867148595
-0.690193567600663
-0.333857267974395
-0.8047343989956742
1.9806011028384103
-0.1346113535694373
-1.7567620048757742
0.11052259323824948
0.39063729431847
0.38372670064760483
-0.7557983168020814
-0.46770363929765774
-0.569575513859112
-0.8658249899941146
0.15577200746463057
1.2078169233905995
-0.5306406839917878
-2.8048161215389933
-0.3104972444108348
-0.4219671101480261
0.05438286540257551
1.479334173795907
-1.593438664747206
-0.27060158648619537
-0.5093355518667185
-0.868552211000761
0.3467663337012327
-0.3626610586583857
6.073435452483231
-0.4264095208266701
-0.012329548851527499
0.0789677414107043
0.5851764403823988
0.5972438466403671
0.1022645095558604
-1.0958807434758426
0.8085000033150183
0.33773841857712134
-0.515546351731891
-0.9958773873408173
-0.26424402594934204
1.1089115739343771
0.04440302385491835
0.2347950405013979
1.3324940072105043
1.8999024726718012
0.20576330725083974
0.42197828256724795
1.7794377911359682
-1.443222156725843
0.047357057881719594
-0.2960563817768917
0.1755996844024872
0.14919616185851942
-0.33094829732683634
0.4146255236028279
0.1668486150580239
-0.8762227648784262
-0.033755212323411464
0.08536967645930649
2.0460086894311242
-0.5873516919462178
-0.08102294871421228
-0.6656927890746637
1.1243091395716442
0.15236107657785472
0.49161640061593415
0.19855047922907035
-1.1432260840046335
-1.3691296571122586
-0.4223085339091781
0.6215061740889438
-0.022191639485632148
1.3108636134201332
0.20152307681795364
-0.46221183703948127
0.49345819307891114
-0.43018923262739844
0.647583146908189
-0.316184536968239
2.879025724421855
-0.17622341550370935
8.93399175361686
-0.42224209952797837
0.8655788839000781
-0.06551257858534076
-0.844842334224449
0.37027252164320407
1.2548565743673343
-0.6241991073329758
-0.9613880715957067
-0.2717399148776967
1.0718586116224775
-0.1906850059155855
1.1231460609056012
-0.09992118641603563
0.44289947173978916
0.5036283276568327
0.35708561488244117
-0.43872717009444384
0.918014365736738
0.28670748690098263
0.40977024851211424
0.7023361682629226
1.201244186002736
-0.14853068118148408
0.7722957284090922
0.40283511177406744
-0.4982993739921107
-0.32103848794312995
-0.7411908197674799
-0.5170025060090767
-0.8565401193175199
0.6925287616319755
1.1938669001532223
0.6067874364374873
-0.2354910634240908
-0.007437046339311942
-1.0030730530999816
0.22598255261325786
-0.08187434329688723
-0.6366404868465898
-1.0518149415083702
2.5280898470542015
-0.3811590743333184
-1.5723309586797758
