-0.3813726699723868
-0.3820345954718697
0.28103120321261327
0.2923516973808891
-0.012071099594658252
0.024459754134815763
1.0489164524307117
0.783868821787373
-0.48011413603255376
0.5751630292363513
0.13588571998019208
0.33362070196962335
-0.8121422707076724
-0.5133599203479131
-0.22631176503819683
0.19105133535790642
2.002029791266291
0.5486437832427409
0.16625024645204517
-0.4616605989784065
0.3830760778150693
-0.7604267209005902
0.5964267630733134
0.9732937481714956
-0.1736852115907325
0.595285478477267
-0.16812145748358495
0.35773669878985415
-0.16905681593638208
-0.4474706217144827
-0.00456388536421347
-0.36046481512152784
-1.0647655166766956
-0.09005437454658724
-0.8188172860183429
-1.3724120340082229
-0.05950682764225474
0.8513966408272717
0.007611119915074196
1.10500818426383
1.027287005548294
-1.0019310947358666
-0.7941548867209942
0.44434496036001025
-1.313141158985714
-0.011414805109783639
0.32503875156745193
-0.8561133076541096
-0.5965043247216645
-0.1597518386499515
-0.7057545426171061
-1.2607544872008953
-0.3220814833961263
-0.8224310937520377
-1.0079803970555095
0.7914557793790862
0.4520366824978283
1.0489710957043643
-0.11036677317979765
0.9505045383917414
-0.9150427463886005
-0.5445012326053805
0.2214841347674707
0.9470865333325954
-0.024617315251571466
0.18870623692329677
-0.7333810083340913
1.1613943171310437
0.13497655744563264
-0.04207613339123015
-0.9798634887167306
-1.4453186605486175
-0.07280644294071531
-0.17594650197701617
0.8699256314832716
0.9508483906217148
1.2299687947158093
-0.496670698079935
0.6082120716752569
0.030448264056448997
-0.842216542442094
0.8659969629951283
-0.4652426740977518
-0.7031366659092684
1.0174142516363067
1.276356136397646
-0.9085709207099931
-0.8700734506185732
0.466843708478683
0.41334870581486627
-0.23692859351352924
-0.21687230952137543
-0.017323662380362988
-0.86506045079343
0.18119951622629632
0.9791064854346863
-0.036757784128657066
2.188611624584345
0.8969551534244129
0.8835289497017272
-0.6404354839426509
0.5947739002755673
0.6071111278901344
1.0148694172089237
0.5136384755857143
0.85528957635113
0.5946121154127123
-0.005146380119112968
-0.2715471012868747
0.04549631651175948
-0.16719097623284165
-1.3172201912088295
-1.628177870345925
0.020480859029933914
-0.01941259498304572
0.5378066236978838
0.1746925575106428
-0.09844403592847943
-1.0088976262410543
0.4020086408994954
0.44247630066191634
0.13812435276680404
-0.005311711751764378
-0.7591583850749075
-0.30420822677974796
0.07195766887587353
0.7971210178753919
-0.48120671027896744
-0.41833397929364025
-0.8973016879697452
0.19377878851787317
0.0014720230356642383
0.016329856826951428
-0.3473270956714675
-0.05494395223263562
-0.12317701666294281
-0.0180054675592232
-0.7709450843048367
-0.07226417098901558
0.8726212328391673
-0.45512960491311627
-0.4084005767336861
-0.4493173217569718
0.7964038350357353
-0.7139181993598634
-0.8291823227367459
-0.38474568043847107
-0.445050417206138
0.7556060025897353
0.1039893235616379
-0.0079278172779632
0.24699243434295107
0.5121175347734637
0.9507365304538937
-0.03646405676822771
-0.3323061848702323
-1.0356997593750266
-0.9692767496032623
-0.8525020919930829
-0.07432973686363563
2.362364046228604
0.14650229071318155
-0.48523704460679457
0.4087187275463127
0.9632351087046955
0.9967553797057243
1.0494865375061369
0.08332492433668214
1.8238884147813883
0.18879937795497637
0.03318688757316546
-0.02528346921663581
1.0726054777847176
0.6360109684550395
1.854064566312104
0.020669078912639274
0.9600470107765096
-0.7285485498404083
-0.5289224817817655
0.9255257777901098
-0.1465812345064115
-0.17111402204236095
1.4635161559777747
1.1413880478494267
-0.712807325334136
-1.0455114243034167
-0.11214134095099199
0.5038494336038939
-1.0266802101690713
0.6673658603867993
-0.9606742046004757
-0.6380077132489681
-1.033268228087173
-1.0004808948056667
1.0275841490289856
0.1296875887054059
-0.20613472326668392
-0.9220254254931172
-0.872193894789258
0.48935008196218627
1.0543392497646997
0.500847750938991
-1.1810302864810116
-0.22102344872002366
0.012331321043571718
-1.0404481707891609
0.025172004904052286
-0.4518861909120655
-0.9725454295645598
0.12231709712122767
1.0480125272211573
0.3640154091992945
0.5791391599325288
-0.42197318814711365
-0.7454612880358695
-0.7892861818471235
-1.2148011039540065
-0.3682604966626575
-1.0780159592513474
1.5999356483604352
0.5875536673745357
-0.6195372583185638
-0.08721051061852456
0.02270155860601458
-0.5081948506431428
-0.43363574266095356
1.2682923916727908
-1.1403949848474029
0.6453430660220537
-0.0718635862082755
-0.7050998431340524
0.7868463145223715
2.542769942142093
1.4219736799502156
0.3977876533945772
-1.3083174419274022
1.0249974495311653
0.13046800444376994
0.9246017738638446
0.6310533164008497
-0.6847998085545011
-0.9195892548874385
0.09397922359720041
0.8249138252912444
-0.9891579725863641
0.7848308077745534
-0.10158492208367349
-0.007182126364381286
0.601582194306635
-0.02123469416862449
-0.1695230199128155
-0.5216198937708069
0.6738817638121685
0.43317891620915283
0.8741177546932538
0.0015617844988350482
-0.6472933735213712
-0.03946656698578389
0.6047363102470263
0.06621009723460222
-1.0019813694225324
-0.5123557046845139
0.5246298912229028
-0.13169990222594508
-0.9049216484310258
