0.6543631066334008
0.9460971394829218
-0.45004335309397137
0.7468905494623063
1.5228409898258715
-0.15245879867262097
-0.44738561358629
0.6823250791718652
-0.8072760941311822
-0.05153059450070243
0.13451105598561403
0.16367867656628401
0.5854063197072539
-0.030865511850630422
2.193532665007514
-2.239731470460243
0.8732158166467787
-0.2304162705826191
0.15606905086108466
-0.19074810968323208
-0.9962264989217773
-0.6589966760758124
0.7297019459400428
-0.12320687581622279
-0.4188105354886014
-0.16873363767857777
1.418886021040788
-1.247256348921567
0.5243572198123685
-1.387371735560986
0.469640634349475
2.0889467191219566
0.23015914393541095
-0.07280996500348523
-5.787719770000719
0.43648900610276214
0.15956187457689827
-0.2163955221989463
0.7674904432733503
-1.195446097586373
0.9509713075441525
0.10567712907316147
0.3123148137004453
0.149580361659871
1.184770262756417
0.4715825473559986
-0.36845758606367596
1.698080322009367
-1.535896789453479
0.4275755515840669
-1.2191942740077735
0.3209225262295748
-0.11248349348530173
-1.4197750153887956
-0.11660786042450871
0.9063933066632891
0.8023537989263734
0.5801053512420291
-0.6747739982088035
-0.1637004079843821
0.6072684462364598
0.34114266406359406
0.33059686409015104
0.7685470438673251
-0.062390618788405496
-0.7758446956693468
0.7546305812841175
-1.3871012952566706
-0.6990604018975235
-4.324760286632991
0.5838536045191558
1.146176959106961
-0.838309740659301
0.33242840799791157
-0.17162010801378502
2.9165019579288325
-1.0183017490209243
0.6309786209867376
0.3817786560728786
0.895383034970928
-5.45271045951579
-0.18603568979005441
0.8293963941721788
-0.4832465310609337
-0.9089874332322232
-0.7888073848614123
0.888386188466682
1.3687790302167002
1.1917306463761024
0.37415409063681593
-0.40260009771175626
-0.33313733606916307
2.8152710943621417
1.5241468219285603
-0.6741477025821653
-1.0413444171102415
-0.6425067214909489
1.035359683971826
0.610922181537899
-1.6732761471755675
1.5980906110130524
0.9738636819304284
0.6906231989650014
1.178197168154374
-0.8232912618298764
0.6183960917596945
-1.3725154830810782
0.14628870671404767
0.28647710300358376
0.00981424572182928
-1.4204504755685217
0.3535120449605473
-0.43085018119621565
0.5431157684598519
1.3240338991724039
-0.8356821070923164
0.6889200191688681
-0.6388490682470261
-0.46121025176300984
5.246918147138271
0.9667399005007513
4.28734562067177
-0.2767445265573866
-0.36446259728080227
-0.20098483387595
0.5521942248413483
1.799827635136423
0.48568938927569255
1.1730501865933651
-0.23798472569082665
-0.07039207317445982
0.03938384358211697
0.3571692066407737
0.4571175971468866
-0.2043359357451093
-5.669845715098552
-0.6836372259100193
-1.73290059549823
0.07493845644698749
0.6978694480861386
1.0182276450857166
-0.7006701238876195
0.07973942949413163
-3.219051572171977
1.00073442132122
0.5831566530639598
-0.41820200519095097
5.0753726357442845
1.357387890167954
0.003274452372483201
1.7904153466016566
-0.19734866185308875
-0.0741846269123671
1.3801920106258339
0.2680007380009399
-1.356406481791791
0.8324001421278737
-1.1337486737967108
-0.1229589628583525
0.23903639602873616
-1.0506505706196583
1.1253807226472134
1.1814503045104794
-1.3343407006866095
1.2664260272207133
-0.08853406231697447
-0.4570003113066945
0.35577796923957616
0.0929139343583904
0.3751185842504861
0.557027705719029
3.0086388154855888
1.7511731251508196
-0.19029035090822172
0.867315852912021
0.8329797640041345
-5.8515884408038605
0.6376522463445768
0.4007924525729853
-1.558381189807082
-0.6291553702247344
-0.4613117940341963
0.5718295274088612
-2.9106831592037374
-3.2580551238473827
-0.25640177303192574
-0.936357585434683
-0.020304340352026523
0.26518384088137426
0.7065901218147537
-2.3689328326663133
-1.5027740116251351
0.7134389916070133
1.0849579174976556
-11.05196601165784
1.3592781490498593
-1.7857399071176474
0.1248507007252084
-0.7128404884699902
-0.8905933278780128
-0.7678867230265053
-0.028171869172227963
0.3352910684542693
-0.8585333729285842
0.20046544577511616
0.5197992180442902
-0.5977721318356707
-0.007535836529906255
11.701138052309034
-0.3360133388138484
0.2203984846419918
-2.3494871201443033
0.4675332660572451
-0.4501954160116976
0.17058640422445184
2.3040008926723905
-0.9290598321660497
1.5370909621646804
0.7371181969284972
-0.09638676767993186
0.5394552985914474
-0.44208035175228133
2.251099119142815
3.3038218624084355
0.7367768524713049
-0.2712387478951893
0.9454859109263224
-0.38504797687119136
0.7774543535030533
-0.03253996770222982
-0.5413646856576839
-1.187268971997733
-2.981968746656495
0.1416799704689255
0.4062465440959348
-0.8754309539863593
0.1174269208127797
1.3434289361414598
0.7827615932080361
0.2589848129862113
4.0407262503432095
-0.48960883134824806
-0.11316792150229739
0.5077693239371244
-0.9639836957148522
3.3367085552329656
-0.9877328713902239
0.43081120849616644
-0.8270080944957429
-0.4065907461742674
-0.12527322399144009
3.3137162702131784
0.017743391185637884
-1.21960183042298
-4.021475860314986
-0.9820502728795687
1.3048389653140409
-0.4133836822045509
-0.513092570510542
-0.6754273169000065
-0.35081417706806595
-0.23288143838180325
-1.437935491249277
15.143932539890496
0.6659381698186704
