-1.2426088570616276
0.3238756015467075
1.8247516080196944
0.7362057248028124
0.2907835132133163
-0.8271364851469566
-0.3621443526170377
0.9628312647017567
0.29045103208887535
0.40362626721044015
-0.07178367312226078
0.47602267674508536
1.1369343390342046
0.17653172013019022
-0.8849365016786865
-1.172533275401999
-3.242613164465839
0.35282801615821224
1.036843110698443
-0.3135874476439776
-0.7575425274486974
0.24854397919366172
0.23054234536488225
-0.7817825067110926
-0.4234477685279713
0.6194612432773712
1.3449856941897662
0.6168122159871628
-1.626624633667303
-0.34197754964314075
-0.5925342596163976
0.4509493719424388
-1.3989863125203197
0.07750045610243661
-0.423482781661591
1.262691710051107
-0.4322709813347635
-0.2824910169217588
-0.12079693738065816
0.3556695198905904
-1.0242706761352787
-0.7998860004499371
1.174235305915437
0.5335724994392086
-1.0510593259081353
0.4977988387856302
-0.2336426287126871
1.427746192678038
-0.22846201289985565
-0.7267305139511231
-1.8122523473713668
0.1472137040921029
0.7157299873750215
1.4096662286659298
0.3941123829202775
0.6166756805131226
-0.5550959705866169
-0.1491512592961813
2.6954618497651084
0.07241113780688117
-0.3461126097398751
0.1714331869310411
0.8974450046638313
-0.17179384516231347
10.933173452951994
0.18189357386584962
-0.2023852813719278
-0.47354026746074435
-0.6673941741502334
0.15473097032846944
-1.4864697920138965
-0.8613438770894807
-0.7638777807319217
-1.212105375234739
-0.6450108284410423
-1.7003476021603208
0.8841594904807841
0.8454554302460731
0.4873659039598923
0.5329724117469229
-4.18895404561694
0.04997662086424095
-1.4939107693802436
0.2830762204800871
0.05175538131616239
0.45015828685169623
2.20252505482272
0.4305857506253269
-0.41462902345644825
-0.14066172471677904
-0.055135609261047866
0.2277495817481238
0.32559464380051073
0.6780786733181087
-0.689123546389503
0.012043982874889073
2.11099551198424
-0.08407541361860706
-0.5441381056590121
0.6780712518183968
0.05504548100440014
-0.9122304076953318
0.054995713772811185
-0.536900097173422
-0.6099577822297502
-1.3056103625281925
-0.10763373806022536
0.7219235801155155
0.09985007202676305
-0.9793475195417195
-0.31881003561922694
0.4913803856350105
0.6192633848920283
-0.820464830469156
0.1638332229537743
1.0345811713647457
-0.337562420191233
0.8930857942209773
0.7486048033678743
1.2108693499369119
0.27032158839493264
4.530407811553386
-0.007795556583641806
0.34693520945844436
-0.11406637372199116
0.6497257314498818
-0.28535373837576655
-2.1438383843076747
0.10367008744568235
-0.5498811712581909
0.3631796935149696
-0.608422948402248
0.4865565996275488
0.0697159662985329
-0.6197370110054499
1.1387303551890011
0.22538531908220133
-0.039086517536383744
0.6259070798760936
0.8309784472520794
0.3499766946769586
-0.4453636058867355
-0.10152476375866543
-0.0372154038927641
-0.015570730659461185
-0.9131893469763745
0.588023216736521
0.3298935555823494
0.997619727857523
-0.19846666998651022
-0.03544224130763029
-0.4339266101948272
0.05591701156827339
1.474293693800744
0.3035858772771787
0.21344168354172927
1.0762682477084062
-0.04900524047470396
-0.21750695037843407
-0.3617792561115237
-0.3331542316957304
0.19117680125771963
0.5034666449675058
0.5747795574315153
0.25529456676728274
0.651338552893711
-0.1806910891161885
-0.4604027272953498
-1.266818415596617
0.4119887128947689
-1.4456662763229502
0.06600078235945925
1.8501048215255453
-0.807159750545169
-0.5803081041167348
2.6659393928399235
0.47055580628652277
1.282550711694852
-0.6804738035776203
1.263389860983636
0.6823166491804256
-0.452165665303688
0.0714134363707568
-1.2477535729850973
-0.21206826594567185
-0.8156831131876423
-0.3781100366898573
-1.2059202330856682
-0.4963700663736215
-0.6358568958264764
0.6770958388491376
-0.22501915395256467
-0.6698951876138444
0.640359653042321
0.19250138087875995
1.1562716174999252
0.22381543132139428
0.47860570094231153
-1.0294324563724122
0.07555486746976063
-0.826088949694808
-0.031821940586235144
0.6115728831575364
-0.23341222248213284
1.2312423187035175
-0.6267302116155905
0.21983536424205746
-0.12838139615364638
-0.426014250969231
-2.1788445248985764
0.9328805013327336
-0.4352149682499467
-0.6135713759303666
0.8189743254336381
-0.3572246261441106
-2.232623056606619
2.736617572598382
-0.46191000293306395
0.8133196952200112
0.29022948637633217
-0.05306783815552375
-0.10671475018564999
0.16527738295403047
0.48876449755233875
0.007209677579296811
-0.08824181273332288
-0.10385431110131971
-0.5371226600839974
-0.8328224610254713
0.3747030441052076
-0.2935322485148618
-0.37046428069433224
-0.01885315490329564
1.1305264217988769
-0.7950230237527225
0.13105878138593202
-1.001839298136522
-0.31052706123276796
0.45801186899272944
0.5410417136954386
0.09037858202753876
0.46481145036217414
0.1420474366644449
-0.35482786550695616
1.0080469733004631
1.1997780120054486
0.7294435415861215
-0.11719418028073243
-0.4787603917183094
-0.08932065932646202
-3.3808172391279787
-0.2888575864915719
0.240518137120534
-0.1955110708912387
0.25210801767661956
-0.42395656617544253
0.1667965433513344
0.5305756562409083
-0.3586845386451538
-0.4252941336023558
-0.1514760125826631
0.6957638788016169
6.543894867209503
-0.09226621113073477
-2.5595948511401105
