-0.7569526625096934
-0.6739502888347816
-0.9521642709984294
-3.350107899610335
0.8876386629046765
-0.3940699536145755
-1.0199857048469807
2.655938371925498
-0.3348827487312952
-0.00918868875579622
-0.08676051786535632
0.49488787689067304
-1.298605050582196
-0.7124005032391023
-1.167408277929434
0.6205513373066578
1.4785124118841666
0.33850057921719245
-1.8221281027992424
1.2983058284595095
3.584261182897522
0.6644489467430157
0.06983427119227076
0.26586251835490676
-0.640368985478211
-0.8933939128867985
2.455012593579543
0.5515029092354686
-0.2407523327938522
-0.22829968237881337
-1.3641055322652533
-2.1784734619628994
-0.48601434026287377
-0.3473666444536574
1.3324759157670463
-0.6152806827406826
1.4575875053904006
-0.2078025623748505
-1.2682350152522357
0.7450118940027229
1.509425743656823
0.7087357401685574
0.8664306134375617
0.5467526696106332
-0.07999257806705234
-0.2599041008732726
-0.0722533633770723
-0.09306406568046782
4.27194650056901
-0.08049420085301107
-0.7084740335362166
0.9368501692562117
-0.46847154242286626
0.06081131381143082
5.194009729294725
3.1031028313072397
0.027901271488721867
-0.08537041347418761
-1.0151490253210516
1.1903731430146844
-0.12490820553703792
0.2613672699568977
0.24728858205499
-1.4913770798616708
-0.7826639762246739
-0.5884559926763858
-0.9354944970557892
0.24317960649445616
1.9755893357109215
0.1376943434593087
0.2228470189688478
0.07290672978504263
-0.4563421244612712
0.9540852875946092
3.98699559095166
-0.28505707413088804
-1.221832022370613
-0.2597048299066092
0.77946891408805
1.3105528116343104
0.6100172415574574
-0.8127332847235685
0.7808238334884585
1.9247340206594314
-1.252786899407966
0.8639744902324187
-0.08811857362217822
-0.5807786269479965
0.3588658451283503
-5.705827370690705
0.0574955557125951
-2.08435379741519
0.13803317879528365
-2.129573279875961
-2.6738522198501724
0.36479756253091095
-0.7805337449622403
0.18372752259494424
-0.3901386119996735
-0.3765559294750263
1.6910080700427381
-1.0386239496889265
-0.6228507391857487
0.33757974523663786
-0.7958598524330313
-0.32974674335874643
0.02554243283578237
-0.6056768584372118
-0.45561159628315157
0.15467801496913114
-0.11800967825566967
1.4679042233951374
-0.5204425256799018
0.6173264442999549
0.5227786370405383
0.004621812880901254
0.2894820944000572
0.04998669187330601
-0.5498973027419631
1.2832874283693394
-0.38828031323143747
0.38752087434894006
-0.23144595318140557
0.41030497472680616
-0.4892465103962651
-0.672402080475918
0.5301057637924218
0.9843024778567147
-0.5171270766632127
1.3245998170309716
-0.3280524487396636
0.13625134331199626
-0.01611476222756226
-0.9820310990710803
-1.0251641191705045
1.7298077896571258
0.40139446168829473
-0.9649326672614229
0.4576433844697769
0.5590456610771122
1.825744573506323
-0.44415268939364316
1.236095897689521
-1.164353326806844
-2.9764202002187194
-0.3146903570575154
-0.16021939047858214
0.06703766428694696
-0.9518241533202426
-7.240128893420245
1.2351880592974283
-0.031157712818248695
1.326574484280988
0.4547157394213258
-0.7719018401764317
-0.20508466278924278
0.31275080133633265
-1.1669225770500977
1.1261612636008858
-1.2472055474340695
0.17679110184259111
0.8406747076222947
0.13591128389883061
4.482057191676574
-0.44237511145773056
1.4654237430206243
-0.7256109091675905
-0.1001544781706464
-0.48173014215189275
0.950520187659968
-2.4426092485144353
-0.6036445831378687
-0.46946741036646367
-0.29565917094939775
0.5782089893922038
0.005970940375459786
1.9300916117604578
-0.0746495093915909
0.7516219244788895
0.26338254404215644
-0.8342787714456774
-2.1501617594226023
0.42911811302473557
-1.217864199454866
0.4272182732303465
-0.48572944678036944
-2.052810416999562
0.6211163655594387
-0.5022980620281968
0.7296866246912556
0.06316139519441433
0.08038340470787171
0.4430706680454113
-0.5136968804421363
0.14708070136418794
0.09444726472293555
-0.05548119951229055
0.09313047098145388
0.18906176570019287
0.0040053241424639514
0.03749878927479393
-0.5926241932083166
0.08060873761292124
-1.8009664227246012
0.6686710513302377
1.0533352808954206
-0.5249893346564378
2.050609121877601
-0.9180037804746459
0.3904649032672533
0.17443736436373328
6.244028075885876
2.7106338156111027
-0.42748855451723833
0.6625918407093404
-0.9263683859756672
0.17652680616086777
-1.2179496022423422
-0.3728877555083546
-4.680608520438576
-0.6695264653591085
0.8108317174630466
-1.31698854426589
-0.49054648993105854
0.07202464047404386
0.20712114554705302
0.4414012698678541
-0.11613877540920763
-0.1860566393828373
2.037577242602844
1.777321715847952
0.5145910788243834
-0.2921530911517317
0.27564491356600723
0.43591904308858587
-0.3358750853000746
0.8582196717931695
-0.4925243184058896
1.3119008345486527
0.27947399554827485
-0.8201028078212245
0.2703322306156714
-1.5782194699327858
1.0555723073946877
-0.049036037541685305
1.3962878565827184
1.598939488441923
0.5771652413330458
-0.7364514363409485
-0.13293795527601154
1.1704535066330306
0.424254712058065
0.5307524051440724
0.34475937045999216
0.7193614636729108
-0.3956169667262144
-0.5456575059673303
2.4023278708223472
0.39682410256101946
-0.08693379719848736
-0.8957596960796537
0.1392411869794994
-1.4209272751771274
0.3170792202813631
-0.859679770324352
