1.0
0.5307022342800534
-0.44161382908447677
-0.007825095773455694
0.0
0.0
0.0
0.9391950242228271
1.2120360700616202
0.0
0.9179785231897442
0.8029704126421398
-1.047007610625085
1.0
-0.43880960446458617
1.0
-1.0
0.0
1.0
-0.4859051944611771
-0.9354503615090987
-0.9906235200930333
1.0
0.8890198414948428
-0.19368025884697995
1.0057777522077562
0.0
0.09951561320324581
0.0
1.3219373185830101
-0.7923162091903371
-1.0
-0.6261863017923293
-1.0
0.0
1.0
-7.61888223290471
1.0
-0.28024469336759855
1.0
-1.0
-1.0
-1.743814101938657
1.0
0.8716459881885168
-0.06535812711352035
-1.0
-0.8707923599371666
1.0
-1.0
-1.0160690296752968
-0.08250507029097319
-0.5824703524962727
1.0
1.039038390852838
-1.0
1.0
0.0
-1.0
-1.0
-0.18846176234323234
0.0
-0.3484031979455879
-1.0
-1.0
0.7946100484666133
1.0
0.00888107583193185
0.9920261393918838
-0.028945078051898238
-1.0
1.0737374885338342
1.0
1.0103289788962273
0.07735338035039353
0.9501662137284271
1.0
-1.0
0.8643624809570064
0.0
0.9993979980061696
-1.0
-0.20188722722671132
0.6286493911835137
0.0
-1.0
0.0
1.0
1.0
-0.9289908821160705
-0.8624969599530439
0.6211049406561294
0.009166069387437692
1.0
-0.9964546491653687
1.0
-1.0
-0.9424316044419296
0.9937357018828704
1.0
0.0
-1.0
0.14293779668132234
-1.0
0.0
0.5203056625917302
-0.5935061852483623
-2.273067743812565
0.9634133350089964
-0.1071467974618934
1.0
0.0
0.0
0.7191484275650547
0.39192401507309216
0.0
-0.006937586352653343
0.01600166105175782
1.0
-1.0
1.0
0.0
0.0
-1.0525236501888409
0.0
-1.0
0.05457385020978206
0.049771686063555615
-1.2115731598682933
1.0
0.0
0.9702726725134122
-0.851021474530644
0.0
-1.0
-1.0
1.0
-0.894778167251204
1.0
1.0
-0.6954150148598702
1.0
1.707901783928316
0.06875858278198241
-1.956639644284869
0.412386743928588
-1.0
-0.00876164836321913
-0.19624970227594912
-1.0
0.59935766365622
-0.018269755276085563
1.2973425340875067
-0.007609839684954371
-0.24345771901866578
-0.8135716553229901
-1.0
-1.7517890617316008
0.0
1.0796101027455476
0.767653984489588
0.0
-0.7209213838714233
0.024977358954336625
-1.0
1.0
0.0
-1.0
0.0
-1.0
0.020281092647280317
-1.0
0.0
-1.0
1.0450581277769306
1.1113089851404871
0.27713437237137506
-1.0
1.0
-1.555837611301571
1.0
0.2853815298591874
0.5634299945439427
-1.0
0.9965141324669281
0.095924390972831
1.0
-1.0
0.0
-1.0
-1.0
1.0
-1.0
-1.0
-1.7420948244274603
-1.0
1.0
-0.29852450097938155
-0.010116215357552014
-0.06983865431214403
0.0045350757969724815
0.0
-1.0124701378841745
-1.0068272687075974
0.0
-0.9426625785949678
-1.0
0.0
-1.0
1.0084098029972397
-0.724257322783155
-1.0
0.10916844314128787
0.0
-1.115124584235543
0.9023323466701085
1.8495397295363716
0.9762533557179643
0.0
-1.0
-0.9656169926860858
0.38636631574386593
-0.3480307670241577
1.0
-0.05251807781895849
0.0
1.0
0.0
-1.0
-0.1415475552445919
0.45968282922449644
-1.0
0.9355688677643639
-0.19782088783375404
-0.35800746619363666
0.0
1.0
0.0
1.0
-1.0
0.0
-0.4755141706682004
0.0
1.1935755759101665
-0.08688104367530068
-1.0
-1.0
1.0
0.08138306547823165
1.0816192925975607
0.24962826823359993
0.012747765473946175
0.04084343978236881
1.0
-1.0484498872038843
-1.0
-1.0
-1.4304835704955632
0.0
0.0
0.41840720920315705
-0.4900810548247496
1.99785953843418
0.0
0.0
