0.26440561086770126
-1.8117036234061727
1.1044367596412952
0.11101443338542788
0.5824557687060906
0.03645752463907112
0.29161248553745306
-0.9648415360863487
-0.6333643363065947
0.05907672634423528
0.14160350678989653
0.9135792551715025
-0.3253995633703021
0.022397128727863515
-0.741818538852919
0.44480292342439165
-0.13555293779016608
-0.06805192823402856
-0.12071065754222521
0.07081340965330243
-0.44420532812742003
-0.6629311244155646
-0.926551873857392
0.5784239047687552
0.5790660318054499
0.7789634382357961
-0.7744129556859103
-0.43791249582542857
-1.0044371609401614
1.546676317153923
0.38951540052741185
-0.33020808365971394
0.15397826642943274
-0.6481713224857976
-0.20184886847583663
0.04905989622511862
-0.8728146500374325
0.07783020843634436
0.5237935297481082
-0.4955957557121724
2.20300213454625
0.7771354879124093
1.263509352742653
0.8606291859626201
-0.3411911976244856
0.5984094365267144
0.9789881428591838
0.7311429072059867
-0.17839194735136954
0.1933162566444725
0.6161940380148486
0.16670841522588864
-0.4392076459714679
-0.8764548681815122
-0.591512347078063
-0.8485155934568263
-0.0787085477634051
0.8700483941945107
-0.10662938849848248
-0.4659827733756665
0.6504175026623743
0.9267513839625643
0.1445562296844519
0.7896828803687324
-0.5631380630221152
-0.461373085255301
0.17060211674944284
-0.46431521248174507
0.9120978365583697
-0.18111798760719622
0.5064245866943569
-0.14985984987592454
-0.08916810760322254
-5.164658668951091
0.9404116281249866
0.533764386364206
0.7715625070576608
-1.2168751342992814
-0.5756854811512592
0.5055052423863298
-0.38406304942959074
0.07315025651410616
0.11572297510139029
0.06792682712821684
0.9356041440917178
-0.5250296787970907
-0.7774678128969966
0.14599435282875636
-0.48123271651674215
-0.7166140004061688
-0.022804974983256787
0.5519989519766999
0.594177700216059
-1.0511381292200574
-0.09519059730629213
0.2541081454045748
-0.6194395358751625
-0.6111880427679818
0.09383681217500103
0.0756103167442891
-0.13362983369474224
0.17230748044286004
-1.111635341595625
0.5023515692139656
-0.21947313444379277
0.18311316322996024
0.13749753376468157
1.2740449156071671
0.4872363239423594
-0.7687419273080395
-0.43189249009179714
-0.9477482431304722
-0.22962677428019948
-0.692166187733215
-1.1250614406419492
-0.7223676826576302
0.3243777678792317
0.9082155925722735
0.13349709252828218
0.40044688560660974
-0.12405575845264533
-0.8946319093440674
0.4755622723742505
1.0305172978426034
0.1302441525513511
0.2905362792885603
-0.5418603171824778
0.9609792155305247
0.44389418464845415
0.4273175602734695
0.4694060782810161
-0.3910188933324579
-0.4940521787936142
-0.08619346837845251
-0.02282459733360804
0.28517892509193143
0.4092175131367365
-0.6332910309124591
0.45650476731769
-0.12857059645983246
0.05354584539160268
-0.31240857951057627
0.06516612824782664
-0.005647988386530239
-0.38535823404391295
0.6206782770132148
-0.21556179287307
0.05556016093685905
0.5141711292442341
0.15167234469566254
0.1886077953162265
0.23980480323181555
-0.5178550579619892
0.3667337058490218
0.8931440896847925
0.24065811426190734
0.9832751087254552
-0.17208088162650173
-0.7700395642381526
-0.02110694264951691
0.3317154683048986
-0.05397890331113371
0.6865400981665173
0.7082334838051246
-0.5706137016329551
0.5703419078403357
0.48499390433370687
0.1288261452724874
0.7405195325204807
-0.5804335984866964
-0.002132785795298706
-0.31711926774480204
0.4698497962480464
0.40273546210650446
0.46773714725655585
-0.2433445195639814
-0.7334594118370943
-0.17722765888315092
-0.06796947264492771
-0.46129869974904714
0.7368325898807513
1.1742646530803664
-0.46749953020965285
0.1634225109100129
-0.3159196299639983
-0.774900289581539
0.619544649003114
0.36594103201512973
-0.3418428823262974
0.08443877888543931
0.8816507699621773
-0.5636579399010941
-0.5130703376253842
0.19058379906319559
-0.6422439052797619
0.9110917031376136
0.11905785967239887
0.24078938638249292
-0.6249107486737444
-0.21319018475639642
-0.6083956295006678
-0.5340341744030975
-0.5910793707881032
-0.16096948315735493
-0.5027924756480913
0.20806895874832226
0.7856349242259466
-0.0069524189119131415
-0.049304477028517354
-0.7435508975441067
-0.44347435740467256
-0.6960207693186421
0.6131465985023392
0.9445548791774341
-0.13891977178061726
-0.1689377839739282
0.5119034137790769
0.17399096232004183
0.7991733157950234
-0.4850884424964692
0.6661391988617267
-0.3123491763898241
-0.5047997568091379
-0.5170398192012102
-0.6316629256748834
0.4170160248668523
-0.7195349982642956
0.6064514319761763
0.36036873990692253
-0.1292249899594533
1.0221285664380098
0.050291455027430106
-0.44075461294907214
-0.11102242820459927
0.6856144700966157
-0.4800750607089721
-0.28888869446491194
1.0760617638479946
0.3687058343375496
-0.7164489630308722
-0.5234009499577784
-0.3996186093826692
-0.09008955896483639
-1.219225106946751
0.3949000117248468
-0.8798174104079349
0.7267261420305661
-0.1700421274341879
0.5071254790921691
0.19499093844512608
0.633000521721198
0.017414841195317797
-0.5535091294853148
-0.722506597124326
0.31009012070564995
0.21544243668176624
-0.7104397689635216
-0.4173338897268085
-0.8289361632681373
0.3249750610219703
0.5962018245011033
-0.4735483541090113
-0.8278477096254087
-0.7909654009233263
0.028121576146441455
