0.3845875354354224
0.4769542702818967
-1.0299175006225425
0.34315163647744146
-1.314485177361318
-0.0005865453461383712
-0.20445467271190862
0.0010814203785000503
0.9945218177198895
-1.0027557166543055
0.6786587545140697
-1.7947266095209218
-0.2792803099162639
-1.0075593420180537
0.06046708900025105
0.9966473351833005
0.5609187074690539
-0.3451394620046246
-0.8840202887620338
0.9993744455398453
-0.7505005644773136
0.6729498990920231
0.9139848231607552
1.1759362168386742
-1.2764540713801127
-0.10124144654931459
-0.8162052111365105
0.8237781732839196
-0.9943625392442569
1.0006549497217656
-0.7316404792450888
-0.24850224730746068
-1.0024910719229398
-0.2359698302628823
0.49603113208557525
-0.7364814863562316
0.5101841370456597
-0.2678185229651598
-1.1261851560631162
-0.27675471416119407
-0.9673242906286297
-0.040003018212318456
-0.5202912498323138
0.5718936949768505
-1.1122455199895616
-0.8930355503162507
0.056285388930791456
-1.2370517144447752
1.2344836163686617
0.3193666690589142
2.0699326453723543
-0.016837745913928694
-0.8990359130249677
0.021593468251567677
0.6920776470127912
-0.05036571803445872
0.00322582900064055
0.6873665926304697
-0.7356083015451071
0.20797100514469755
1.9415143861057113e-05
0.5149886409104036
1.3130652411919037
-0.9595647996249396
-0.03187668232673793
0.37717883821134335
0.8260624204435072
-0.618048934565441
-1.5314210854115455
-0.2873819537658455
-0.3009929377715522
0.42731003569007103
-0.9524601474905111
-6.867535908664917e-06
-0.11020852935876851
0.019169173410903437
0.4563458290743612
0.16248589469900576
0.3241540290577354
-1.326264118986272
0.21281430332979706
0.971846936385175
-0.1850642389928748
-0.045870139693819305
1.0060588474078012
-1.2932638125535332
-0.42509056170474
-1.0493581279834139
1.2402006963172783
-0.01261306591253908
0.025007959183966103
-0.6298832239043635
-1.029062625314346
-1.010941822813662
-0.27667089778878834
-0.7082368545186425
1.27640578489892
-1.0005621094816841
0.3304372645699077
0.6088146162751039
0.8567171978455657
0.01746148504104116
1.171392201025411
-1.015165885287997
0.41683283751551575
-0.08974815975470066
-0.9982743861666521
-0.9503840795148538
1.0935136145752204
0.326166592073088
-1.053100832394108
2.179096359407636
-0.14558191592070965
-0.6155425505082167
-0.006143184305414203
-1.6340889499705895
0.8028586188685823
0.9631182477303175
0.1261389944130763
0.0006406469561937464
-0.9916988963326032
0.15874763316237367
0.8399083334025534
-0.9998706139305796
1.847307576843813
-0.9322966606249521
0.19964678591242682
-5.512941188353856
1.0000443686867269
-0.2228241033613604
-0.06573048972350767
0.9780259406464248
-0.0008232069726290386
-0.7618006036749291
-0.8692581447956034
-0.089703617468575
-0.35239250350490614
0.2345941539773483
0.0337149873668676
-0.12912593372573658
0.9964180873512906
1.6145544397652223
-1.5725884361388878
0.0013176441947413302
0.5441665918363401
-0.804363848955712
0.08349622260523229
1.3985475396338494
-0.3437182002169828
-0.46825083387662825
-0.03927249873233325
-0.7867810257070709
0.0021439696521132062
0.020733220371035227
-0.6203153972912488
-0.007404110423347486
-0.376743601321392
-0.8430449999620088
-0.006513340929224305
-0.3785633296718711
-0.42477163978296445
-0.5976177930261247
-0.015827745386777243
0.16832096280215855
0.5049782817102089
-0.7715253437742581
-0.56399723190075
-0.013106367110113818
0.8300336253404452
-0.8053504871180084
0.00024615565726760917
-0.4275287223977021
1.0881067507141486
-0.7853619130393434
-0.13265696902056512
-0.2792580524212544
0.3075657813485684
-0.24974781871359292
-0.12483603873836491
-0.36262028609639396
-0.8370407411276042
0.30258377163854133
1.0014673536068763
-2.5159207225740254
1.0043392313630009
-0.09020403297830179
0.022919635379629967
0.6782593129908152
0.9380961206781455
-0.0722413552836441
-1.437772335603093
0.026427742507897402
-0.7702194639044065
0.9791167951965256
0.5579132644395023
-0.7105911495046849
-0.05467271608832207
0.001373643016338761
-1.1070845760399974
-1.029523368554236
0.8600383664778897
1.0131721417280024
0.6822326410549624
-0.513838127551961
-1.0007369363136691
-1.0446401417236526
0.17873452264641035
0.00039593875799182526
-0.00042857782706924575
-0.25355063962603486
0.8491124806096895
0.6185043582882178
-0.47325336297330445
0.8146811245582121
-0.13835186397528532
-0.02209717061083259
1.0195950344567422
-1.08149564008385
0.6087476701676291
-0.9546977445612558
-1.0270926354340526
2.1302655585608288
0.5414130947614681
1.073925548475398
-1.364380268130061
0.32435167974965845
0.7808429568666255
1.0226412644455096
0.6360388474266461
-0.018690367305029293
0.9448897701198038
-0.8751722669600367
0.05842456713558964
3.688535180189901
1.0013863158685068
-0.11032854115745608
0.9035939960789787
-0.6414670121172364
1.0174458654370957
-0.5190290237278591
0.21138964312228578
-0.1385494045238745
0.31249634318659353
1.2546428972962274
0.8513203162084635
0.8193331402965239
0.9170899227988185
1.0585479680934868
0.06646494398553175
-0.010229769335076392
-0.03512948265347476
-1.0228280623673216
0.8996886533040311
0.5006054251878891
-1.2527668530788316
-0.9759668058101894
-0.9062385039715537
0.9988586260189873
-1.0104558166059585
-0.48293506398752845
-0.7210032877026069
0.6963536662059727
0.20365487068985316
-0.8757855923557594
-1.010866780660977
