1.2433401120727385
0.18315153940166207
-0.05434709483104637
0.7112220363503405
-0.011069001008545437
0.2565641275969389
0.7021529654704091
0.8949168466292808
-0.237946469860892
-0.9679774007813603
-0.6830484097311617
-2.4049121609430135
-0.05922569411806049
0.7475812179175187
0.029185811277316568
1.2194484006205721
0.8566660160196222
-0.6170256119163844
0.989457072968265
-0.045600145787761434
0.10713594510231245
-1.5528875949101368
-0.29254678615039803
0.1464962739600982
-0.29837410133911774
-0.16700330282933337
0.04692613758740575
0.156856945851508
1.0062637727810295
-1.1909947374588565
0.11858076944222534
-0.05738305161063308
-0.19737416096075308
-0.6332372396187135
0.15596589512240164
-0.29144367049768
0.6671782726907499
-0.3861301779027366
0.07497393283119763
-0.03451835621355319
0.8304338024722073
-0.1185425378496804
-2.3117440354071337
-0.9371640892536084
-1.2333399504697113
-1.0120170089185891
0.44807297842213123
-0.03028513617881767
0.9224926258256736
1.4631775204554862
0.0976816539169682
1.6662052172878528
0.005931887590677587
1.323651921583486
-0.08443102935540311
-0.003087278307471828
0.9653869884528488
0.26520286922512404
0.47898884742716863
0.5672567112912902
0.05678487909899432
1.4962588921822675
-1.2065846841022132
-0.4189697636483181
-0.8231625123596297
0.8074619320369196
-0.0006354847146357277
-1.1459457972510418
-0.3700298284763579
-0.7847437167120355
-0.7347549183856475
-0.804437641105302
-1.067000943843807
-0.023978153525814117
0.12886764193472885
0.11070659140146051
-1.2798034942613965
-0.7975603342555975
0.6600704045784049
0.34353287369491403
0.22718850456984946
0.9321109835010225
1.3056358635066532
0.3980463107187357
-0.03605862697360211
0.15270909266571397
-0.6040260434666449
0.07884477270287715
0.08551400756264621
-0.07909361411556266
0.4050677088622376
0.29536030504147387
0.6198817340792987
1.195464013100272
0.03027012121827025
-0.611140666031632
0.4231453319944299
0.9535581341737103
-0.5676571460902051
0.2977540524468406
-2.0756296422665113
-0.1038598576757855
0.25130145210706833
-0.01729711637603791
0.667625268054844
0.9442476903043764
1.0843448493929784
-0.9041253799273767
-0.6448689757938201
0.0822845113352426
0.9210771997204178
-2.045092387211184
0.9328064826482555
-0.9477490104553468
-0.6014781111178098
0.06087774707588134
0.6249479101694823
0.18934283923670076
-0.918301825633986
1.0284101062972768
-0.5325442568531276
0.5403122357883494
-1.1831187370457907
-1.1579092123754107
1.527061433081341
-0.7044847535468939
-0.2657577459654675
0.2750332155153199
-1.0458648579261232
0.5061461734546613
-0.45199810138802715
-0.9103479114324383
0.2043234215425268
-0.7814788327559805
-0.3488355095352044
-0.3467530989349473
0.4341851665370544
0.05590119880539635
0.7157864135813906
1.4861563789226713
-0.40375157895626534
-0.6471037013544053
0.020859159672131908
-1.259149535404857
1.0992635164381128
-0.9078367619423804
0.3882595709258792
0.3353361428581715
-0.03606128996365421
0.9681447903899013
1.3886136531783744
1.526321375984266
1.0809486929413703
-0.008307510560445822
-0.4256368341263086
-0.9933540663798883
0.7333246292798153
-0.7223916550842455
0.9154161298590491
1.419957700341624
0.4418123818026531
-1.0436824175371484
-0.5059687652226127
1.3018310039871912
-1.1722131910260827
-1.4471900706204828
0.8130566439940689
-0.6730435916448824
0.2683104818755729
-0.16319380836134711
-0.654449955108448
-0.4254935531660526
0.12115284545144031
-1.2716113201148789
0.6903236383604774
0.9834119363397614
-0.4636543674555605
0.47140534647953464
0.20403457790372506
1.1008804567799442
-0.913162104291172
1.2302047087121797
-0.9308016417834608
-1.1966895588536508
0.7099066304706992
-1.1508714047377315
0.9626797979615633
0.6906378506247063
-0.8793113067560882
-0.7351434592814374
0.811823831392636
-0.6577893689670654
-0.9869138278795301
-0.374661039347933
1.0559148348734542
-0.052473771259069046
-0.8137150974811953
-0.12447068110946057
1.40831530335774
-0.24721084186746423
-0.09117323472279083
0.17472363279345515
0.9088069604403894
2.74266524454789
0.0688051068930335
0.06637723086458841
0.027557484704436613
-0.7053320824360501
-0.023219803522538454
-0.715488674764081
-0.9625525901476522
-0.7567696694144196
0.008138702788302945
-0.3428818326095794
0.08185970196219078
1.613884011294766
1.2388560516034397
0.12286269897731875
-0.13004274863862877
1.1485067843788321
1.1294272116494872
0.9493755642169689
0.06540201952685289
1.1744009593667295
-0.5143696909238379
-2.8624526047303545
-0.054435109913194835
-1.6399783796465695
-0.5393337942989751
1.684695775184344
-0.2914316016684899
-0.5903857618938297
0.45764343855488326
-0.945706723272179
-0.14231192908763707
-0.055638454429039384
0.25009597395813415
0.3814505402926688
0.06285609036683171
-1.0532595611472908
0.16815763046347834
0.9375252803390053
-1.3744569070017547
0.987417759214915
-0.16616052123886416
-0.7416388055185974
-0.14034333245749125
0.23844742369166616
-0.06299558215930957
0.42670812213604103
1.466177934649149
1.1370802891299712
-0.5785727008663195
0.3511561048589248
1.1184277441168522
0.7897603418507569
0.33260086594900407
-0.5829460288163478
-0.2555650841546909
-0.010305482398269094
-0.8992120901811592
0.382007395197261
-0.9691028056622255
0.7578137240022835
1.0287466165924535
