-1.175020841646136
0.066540456101418
0.1316808011496502
0.9127883870551592
-0.6321752147302399
-0.6560493744659378
0.06248123044774376
-1.038439251770782
0.13366127427096697
2.225324814627965
-2.117982583625914
-0.025941777487785103
-7.445642239029686
11.403596797600244
-0.6386140946829529
-0.1557050128782218
-1.0459425638609396
0.07741687161262446
2.283811568367938
-2.1276456132236374
1.031122430002826
0.33187156788509026
-0.8808298601877427
0.05622366264731446
0.01361290748426569
-1.5189092793926309
0.6154044592138248
-0.055504843403088124
-1.1977215355866413
0.3429955732245953
5.783665063374322
3.935679235820614
-3.1690774318573576
0.07881248494252581
1.1904042260025272
-1.5445523544290072
-0.956135120314992
1.514916880209576
0.02509153236943952
-0.37691781989758905
-1.4405333493434365
-2.105304857960106
0.1482156437005766
0.7162246870011565
-2.320029751326448
0.10920644301481829
4.009529344984139
0.3910327218032057
1.0532189635450702
1.5772886463803932
0.2436793297930162
-0.0013624804670357218
0.7715704768008476
-3.10295710080629
1.482734419150187
0.7940590143290094
0.0041508812733479115
-4.372832546531776
0.6455517988341896
-1.513407082323408
1.1526584849896315
-0.44757933872522826
-1.3746962807909924
0.5348318906681122
-0.7949331614168829
3.3639518231341334
-0.849441613676386
1.4880374447065519
0.6643973966943892
0.8107546723875565
-0.3527358748630172
0.9908569921265054
0.1299690649928188
-1.8132629995392007
1.3703898574714715
0.015836402606626887
-1.2897483306145503
-0.7847149638082362
0.8081368906739852
-2.2362940759619603
-0.23070038064753456
-0.433124428905914
-0.3044610103856943
-0.9074448807635523
-0.8130385485134094
2.116689731852546
-0.5630168657494892
2.0736913129150265
1.8790720260799918
0.02653328564510144
-0.9637769735374918
-1.107535277394073
-0.976990559902422
0.08069793676161165
0.11663142103273325
-1.0770281118807485
-0.8998019117383291
-2.1507727908644583
-0.0657945406704395
-0.8331820921063707
1.2273190479566722
-3.032848292653718
-0.11188773609263242
-1.1824565036972425
-0.9538239861023808
1.0190000270447799
-0.5048435887137956
0.7601622348870265
-0.5854436041878057
-0.27717264850838164
0.23272603608474843
1.553069793758219
-4.652710745547585
-1.0080109065625524
0.4419281056178694
-0.5038237051789369
-0.7786653831946025
1.5123540922072825
-0.28111840580526637
1.5771536023197865
0.9109084838937527
-0.979598476187183
0.5524769920506138
-1.6219717333251598
-0.1636736177465739
0.6544014837282679
-0.6965068238122583
1.9606428110564493
-1.4409036664210664
1.8352391210950434
-0.15717166629731671
3.152246645242889
-0.32867348813443387
-0.2823719216432556
0.3930856694507067
-0.2836591609203036
-2.0303254269580018
-0.30807349639278686
0.5381518750774428
1.7980311876067259
0.4144183950921262
-0.18467164965786503
2.371110689226238
-0.391720180120832
0.8394477839268211
-0.6914697439225787
-1.6438901537214812
-3.2500223167993596
-2.054924536777508
-0.4432186115154102
2.039791606965596
0.0371404655900986
-0.002824486253180454
2.1221290113178246
0.9646484707685679
0.9797106514046869
0.4928722049002628
-0.7563378031058723
-0.2776233671589787
-0.18488454462556006
2.0039214329918673
-2.017037442186073
0.09429365701562323
1.3068548596675922
-0.5630381527175335
-1.022416735005105
0.18130206978400945
-0.05526368687388328
-2.770100580768576
-0.9818583803008607
-0.2524786761403939
-0.1339514985294344
0.26061210922247696
-2.232412277395775
0.7260386649484618
1.8557794413838045
-0.26099130450294594
-1.319076725323021
-2.419138640847529
0.7549974606798573
-0.6673431359229243
-0.029301270952178063
-1.545664803915488
-1.4708352598678431
1.1669091355079153
2.4614137762111232
-0.252482009162285
0.46276162398838294
-1.2923018639284212
3.170556217011585
1.237667220956422
1.0491728061164993
3.535576654402145
0.2799818822064126
-0.28330461498123705
0.59957140867686
3.10445844307638
-0.6361723446665918
0.6144337283375433
-0.11922621692194046
0.6560555748114613
0.9015551148198628
-1.4574620350759941
0.7381952711971186
0.01293128881147626
-0.8370210691013512
-0.41389338656905017
-1.200676433030025
1.0792660781028793
0.3887963455842182
-1.300095075881086
-0.14942595050869542
0.4192621594649896
-2.5078064990483946
-1.7221191840346872
-0.47890005926914725
-1.4394688219235692
-0.5081171730304381
0.1081628467238665
0.38183552974450213
0.0475564622010532
1.950106415150604
-0.5392299223246193
1.5714147652842343
-1.2601390910403922
2.73326001118888
-12.908274440407718
-1.3922180083258215
1.4428921402446524
-0.27990421910303565
0.20458067217328244
-0.018454126955733605
-1.4919975999383446
0.19668166623152042
-1.303934625988072
0.762564917283789
-0.8796305870822138
0.7373180465799082
1.5582740828612751
0.30071935876705375
-1.778755624228829
-0.4032224133323942
1.0184321168270634
1.6827409843530752
1.6137216395687124
0.028890130221343117
4.153398661521309
-0.7321493469804984
-0.12096963752427718
-1.7037430316845104
6.1705110536390535
-1.2403076015155812
0.005384286491721034
0.3412071961860219
-0.19760487597233192
-0.24545993983743183
0.7243464322014256
-0.9676831153788992
0.09376204368440022
0.5333648533323733
-0.15892289538686555
-1.2432485435123197
0.5034420116617578
0.6680854327576169
0.6299134068916962
