-0.3794974164051228
-0.2822555262764706
1.002384813525612
1.1408636274889639
0.9419331299886564
-1.588414928291475
-1.1844584625207435
1.5134295175051111
0.5532543191758293
0.8168353312920268
0.7692079778708022
1.2796433817339625
-0.4847413870870704
0.6587140014597334
-0.2652325580243423
-0.1596953292016076
0.28312122495620584
-0.46389830299185536
-1.4681306742416018
-0.04446956542153914
0.43229906675102386
-1.3368196939244323
0.421287013168391
-0.23435187842139932
1.2494300627805361
-0.6962678231970829
2.054529278260242
0.15693172814052053
-0.39253989650919047
0.7166770662137905
-0.25582404929802144
0.6071516362899829
0.11317440904580747
0.8239877868511681
0.4842152765378561
-1.349901388008617
0.177290762287327
0.28113202839313284
0.256884606106063
-0.2800438614578901
-0.7725927541026548
-0.6252815009462654
2.040234552168548
-1.5797691701551422
-0.42739896930774773
0.5161422950815829
-0.6295982747012148
0.3450019383480506
0.3543967951056004
0.24650805036404966
0.5417046380541428
0.3413978379831006
0.26911145228623395
-0.02621102716150095
0.8055746519740075
0.7234197633454963
0.32896298297934234
0.5918061161109336
-0.2024066074772122
0.16309165691078062
-0.9160052026796041
1.4766780647499702
0.7957007615519726
-0.8708627014889117
-0.6279519678305415
-0.009736567367033613
-1.4187619922819938
-0.3927177946255927
-1.2204382196285106
-0.052099821797988395
-0.6264074875735942
0.33330352076794983
-0.4847070210648608
-0.14465760669033595
-0.7272016897208395
-0.6358490907996386
-1.1410128756971927
0.7005160667858924
1.108450729450258
0.44969091288160945
-0.4242797584002151
-0.9354567545467464
-0.8126255593519592
0.10858325985170947
-0.5566306807336194
-0.44123840523555524
1.5800597387539101
-0.8717945912142281
0.395903968248584
3.9890212758620596
-0.16393842861822897
-0.13131698605174413
0.852297928320958
0.674207670998864
0.27244623364907966
0.32937423978734914
0.884860957388181
-0.8408631568755729
-1.8449746796774467
-0.31699343842938066
1.103927954094484
0.986658045922568
-0.26315643963948104
-0.21581697536280484
-0.7971551915762896
-1.1889725609255375
0.03727841481162761
0.42954406570603426
0.9278824722020406
0.0499613137787509
-0.9262941509486418
1.3325897404393305
-0.605500069922481
-0.5679587502120902
-0.7083897186839532
1.030588316170443
-0.5195695418965971
-0.15505145703426473
-0.9432889988059499
1.005990019605564
0.6868930463694555
-0.36548158738885433
-0.8156296544854943
-0.256067326405929
0.42103835410031987
0.2927146070540869
0.02949074667004244
-0.6115206722880184
-0.3815182316246968
0.99732211009196
0.3029868670395325
-1.2385501527713316
0.49600369233777697
0.45226566778080735
1.3757396676246332
-1.3539122648655921
-0.7757631831283828
1.0870478967016681
-0.4490395410680031
-0.01900147944305094
1.0621876449835785
-1.3897541482873519
0.7500210718572665
-0.5771685488828243
-0.5240823025815085
-0.230857583264543
-0.5474827137465874
-0.6058178659195892
-0.12898762914866918
-0.9931564742262469
0.13499311395328992
-0.7860913770273575
-1.7204140931634087
-0.9360399338620037
-0.7282878079193096
1.7129402001839953
0.7267286774742273
-0.49533517168829183
0.1349969142249475
-0.017792588958852766
0.3359053365219147
1.149638138127018
0.19700407578636014
0.4398134698956597
-0.6103506389269697
0.7174351395721559
-0.3421580497106236
-0.4334203921013731
-0.6170209265325063
-0.7062770582280584
0.26226584107670126
0.28359352832934526
2.8629238833371273
0.23164787923026947
-1.8230648095108364
-0.19934332756154435
0.8824710461959955
-0.7201572076076628
-0.02725090834472449
1.3328380176655406
0.2984767114944428
1.1220506882412022
0.023601489286772647
-0.4111846531712704
0.48886811100279653
-1.3576002732489432
-0.24166575046628802
0.5627809994759045
0.9256987084692188
-0.3829617747075089
1.1558166288147473
-0.16020633122070602
-0.927899705354417
0.04966990520033215
-0.6563960368635396
-0.45054519685137906
0.32940363225626784
-0.9000310907710405
2.3948733545560272
0.2889744459616452
-2.215675183872237
0.037903531592659426
0.028237619734618816
-0.7315126655683526
-0.719026012743542
-0.4394966789174809
-0.20031771077112198
0.19890784735389277
-0.3507578972869063
1.3031686713638528
-0.38307485047824547
0.028664474095954073
-0.3809152521051762
0.12950993515171097
-0.04509229333422367
0.25487486197684794
-0.44600760177505316
0.6437519416217728
-0.5441248890076711
0.8826216551631415
0.12841763938962203
0.6932341846223398
-1.0589357184382013
1.628008249089453
0.6176057593257759
-0.8551936048396892
-0.22360005711153252
-0.5638093585295254
-1.057661659174998
-0.5451851610122037
0.5664307053948634
0.30570596643246156
0.11173411920194204
-0.6109326312293077
-0.6569767082167008
0.33557805170234367
1.4534001148335334
-0.41124401592297666
0.5053180885711073
-0.3098217436584866
0.2919823604236871
-0.7304200351397843
0.4148647884072133
0.9547876316311639
-0.6572127882874733
-1.4025956978242502
-0.09551589082314758
-1.3320305769739127
-0.10811492242147924
0.6603267352181272
0.8149807930860855
0.27645288003421997
1.027765487347372
0.0434707950659452
0.1733093856395927
-0.22498692080272348
0.5452937738070753
-0.08266052223684758
-0.39263915691936446
-0.863338012700577
-0.10231070206920012
-0.4928838859655761
-0.45707859611233137
3.060545876217547
-1.9244168825359698
