-0.1518288133812068
0.8093101851477581
0.4817571828732979
0.08899551674437067
0.5990823397204056
0.1921006516761103
0.8605463651987995
-0.7506288970857647
-1.3297435757583684
-0.43874916715506485
0.44711323250867024
0.17711416600117524
-0.5370699495823755
0.5670795978650209
0.4830009555003498
0.2931295606832556
-0.5824216662644487
0.8952915256050973
0.6739578731938974
0.23975340045096602
0.655754033378644
2.3373718953828218
-1.001176135131337
0.743919499366116
1.9628034189161596
0.2574976351813122
-0.2362650208044462
0.4210766935653003
-1.0395138781406703
-0.7105889529082228
0.5380680879142306
0.6765871269516732
0.023376280848703773
0.010707157150804858
1.1602968932474618
-0.9425931108447492
-1.3017822913339732
0.23211699335555086
-0.19951602330892493
0.9020701661768975
1.003518632122133
0.6459413615981454
-0.5109608231692769
0.07674785251074884
-0.7588071978307434
0.20236852115724024
-1.862445123883302
0.38453848453176737
0.1473997445795491
-0.7935502112892756
-0.5669424871528868
-1.004990889087935
-0.9238809583467785
-1.141556160688873
-0.03163909789660577
1.8166273696647548
-0.7461068525164966
0.4872254513273
-1.060841925011977
-1.109094199990234
-0.06354313178215311
-0.6407465088200868
0.9635978087830428
-0.6032296502160381
-0.10033444817087069
-0.6412123535765787
1.290709490748799
0.32762006469517235
-0.4449884481285644
-0.6734875800772628
-0.2233662806366399
1.7536360421947093
0.6115621849806083
0.5664977060503281
0.5884409923748147
0.3277315502604017
-0.9234048986763217
-0.6223388849948279
0.11891140496023847
0.29603694862120356
-0.1315324861811103
0.12300139488895151
-0.9863444509203969
-0.6226410691245893
-0.139522732007808
0.3598405277717514
0.243255200559194
-0.7732210814231344
-2.0454952609259514
0.6641616117894441
0.1825282173102019
-0.3510820235118249
0.18503173317443405
-0.09652025343680161
-0.050726925644366594
1.0967810322542966
0.6747988668690317
-0.6373739782222775
-1.5152676762344313
-0.35960863885653294
0.27932411874437546
-1.1143615143083496
-0.7635088968723786
1.1260096769363401
-1.7871619267514813
-0.8101069584332404
-1.3192145950616567
0.5030407927107139
-1.5361686047747403
2.3576414706038915
-0.08887174546991694
0.9328292088348515
3.5405315414704397
0.45655549493085934
-0.362424584214644
0.5582304700320762
0.4841112422816509
-0.5976610026217466
0.5319595240499212
0.1840271267490327
-0.31247026127850175
0.8196040983333622
-0.0785297759619907
0.06929421359525657
-0.5952043527198309
0.43035490089446027
-0.9301573668309446
0.31048846148242626
0.3851857103139592
1.2263344004375547
0.6681045339019588
-0.02666569541171321
0.7265110838865096
0.6767412770194912
0.03424750768651447
-0.31520570412980065
-0.01567683411601989
-0.7072994528951102
-1.0452686551828159
0.3711956858965319
-0.02428850807358253
0.6046714480583614
0.5434362662787072
0.758962824574107
0.0003426002535647783
0.08825583574304666
0.03782019878790675
-0.7053359601419966
0.13605888253037268
0.11100514919375508
1.5501536717973508
-0.3866756094617186
-0.11297534880563175
-0.7287362569392394
9.49597986022469
-0.8055036918140266
-0.7812471542159416
0.6565569114082981
0.6224710726229361
-0.32779035202806406
-0.05614079195934647
0.9094087858456775
-0.00038132707135926647
0.5126142458527078
0.7864976544479638
0.13409312302901608
-0.8471786779186868
0.9670917833977893
0.945277553698239
-0.8608361598217115
-1.2868833340393515
0.05647995586658655
-0.7398468905391261
-0.9879340408108276
0.7260392265734589
-0.48892734362420553
-0.45305970465067463
0.1882870065360207
-0.07960861675923953
-0.08781295969544742
0.10958174504982111
0.4499949559573351
0.34532006537509985
-0.46001266010869746
0.08587144548385713
-1.679225196564421
-0.716087414612208
-0.9535031464772068
-0.9810519055023931
-0.7592129410111293
0.41204471573425117
0.2845295328516119
-0.349085827635155
-0.7696059720694836
-0.6944141482170837
-0.3156730692108437
0.08163372786543774
-0.6710937281721534
-1.0969378461125006
-0.46978910855223494
-0.31755136220597485
-0.04215124142825469
0.8120442162135408
0.760636333634407
-0.1916157010908006
-0.8974070773318963
0.9338116595087749
-0.9690853084441585
0.9016220937115702
-0.03368940123255562
-0.5554162270252003
-0.8143637035195691
0.6552805506967183
0.7374205841919701
-0.475545730341877
-3.365710433313348
1.066871826264052
1.5989113060507771
-1.266171820235256
0.003943409165131504
-0.4159852140454145
-0.22078231690053296
0.5941380027442619
0.8624476816611794
0.5374890694280325
0.11989974834642278
-0.8800104287333224
0.8379720100813628
0.27099116417802255
-0.39598404338843646
-0.41903487336336537
-0.5429317656839114
0.24370924784496376
-0.6871654764402815
-0.23698503409531033
-0.25416406527392144
-0.6170072770669849
-0.018416929976511443
0.47560766088782835
0.22102715426055597
0.427797359217953
0.06277952379863867
-0.24475165929348996
-0.9282159182624301
-0.02183337605929045
-0.8214284284903619
0.282103309410734
-0.7770932230033951
0.5678667793556555
-1.0092097134926183
0.26370797133231333
0.23331393900869282
0.22247836110552976
-0.32363598938463634
-0.3340804643561594
1.0495467435948493
-0.6006081752919628
-0.9382803629255119
0.18113767771703532
-0.7942068723987308
0.7491214917139427
-0.6147405935295933
1.146383638533254
0.8998182356596013
0.6365042229749615
