0.4715404515153155
-0.7306830209668734
-0.3826378746931849
-3.128611314006846
0.301213989132768
-0.16912048335388985
0.5968367077943267
-0.49053189963240534
-0.1313561450173901
-0.1261840242083332
0.1712984316217589
-1.027161945116014
-0.8429009034649374
-1.4723495519648013
0.7200353018850317
1.416898976077667
-1.003974773258578
-0.27987997875493364
-0.42822972306597934
-0.6890700377990724
-0.8540582285378522
0.43230934268682447
-0.23034119525391308
-0.9411857563194566
-0.7877801288947824
1.349493403045802
0.1574903168945033
0.5065944687876722
0.9049711597986148
0.7159801904654483
-0.0370550731476115
-0.341515077308878
-0.21013283230401955
3.504049032791952
-0.9576312143332731
1.2745325419255484
-0.2739055446633042
0.17311830007099263
-0.2284583334248036
4.656629228758614
-0.33403670080300335
3.5010822444536807
0.40460307993693345
0.619190150394018
0.17355192749664816
0.9998049524854573
-0.9475757086838316
-2.791896461640386
0.10597029943056577
1.0231397196024714
-0.7167842408080396
0.7033019077958392
-2.5793067962480505
-0.8789351832207376
0.7067949480974575
-0.8342465077416343
-0.6254158681346712
-0.6303853155546872
-0.1585228323983465
0.5551797835467835
-0.8201067772359206
-0.8728173615619035
-1.5798949503895683
0.47680016493790156
0.10888164113926076
0.5711389234590845
-3.0940004089774056
0.332199960546365
3.050595069622098
-0.3849156647527284
1.55277851341847
-9.317404692870685
-1.3004229925202087
-0.5936523165162066
-0.19003157883285096
2.5053199617826656
0.46702587535857615
0.8375080114838983
0.2835263981877431
-0.036835700463359704
-0.2371923572050395
-0.9706957503623252
1.6701331770362802
-2.049594580280814
0.7257303170275422
-0.3294839398745808
0.0525421511576633
-0.3904065416948501
2.5167617896821084
-1.7208093028363052
-0.0912243063668553
0.8794939288125115
0.36926745633458563
-1.8241799246798793
0.7029026367552801
0.3663240702915699
-0.8166753755435436
-0.5574513726765656
0.41255944468608186
-0.01522278356647449
0.5452015114836376
-0.5255978085890477
0.10870786009827764
0.1804750321992265
-0.23950525174568202
-0.3200193135370287
-0.0139348678068478
-0.886822261668675
1.2724476136870373
-0.8444738634071612
-0.012106052111720634
0.04952161551035011
-0.27331404035154205
-0.1295675859476205
0.8872027768064166
0.3313089886279867
-0.6216680730774202
0.3109051572149486
0.9817057076245437
-0.2327510579161787
-3.5742652936947206
0.8885394490240188
-0.3004517165665924
0.4454991596395031
-0.8439200838331726
1.621701703227186
-0.20043414892122988
0.9463757000315237
-0.4345519241529168
-1.0589114460089388
1.2709838252257692
-0.06363611677738258
-0.6958770297900817
1.5161288256000516
-0.47975590655401945
-0.8310609026394196
-0.46525346664674994
0.3232507769351701
0.5378501272688033
-0.9147512734790495
0.34426832641740274
-0.40365724975265005
1.5305348544368855
0.5857760788947002
0.5812876075711358
-0.7910169345658253
0.8889009168246141
1.1896051675987287
-0.585732991592814
-0.42423100481326487
0.3325461880336093
0.5972217362855825
-0.7193134642408257
0.062457015650287724
-0.43381278044413885
-0.7186572662423979
-0.09199257182709739
1.0625911317006975
1.0632717918905432
-0.16822384911249677
-0.08715211395700936
0.7575800456449185
1.3559088615730743
-0.5233492332208578
0.8262106196308416
-0.09975552215553726
-0.7289729311921974
1.9740163738325958
1.8009588327521884
3.0055131018370163
-5.229651770570927
-0.8846525498374962
1.0730459090085092
-0.21708277259695224
-0.34409044816558976
-0.09693161255927071
-0.3608292093036128
-0.31103457567105713
-0.7542132746875934
-0.28766995245296056
-0.8140030066008561
0.41267541755846404
0.9656520134506895
-0.6673789960296685
0.14682175608051262
-0.07256824491809455
0.5102083826385932
-0.10134420696801062
0.5415311959396476
-0.584675077341984
1.0588394270721542
-3.258106600820094
-0.11468753576371651
-0.8253353598394856
-0.3420378819911276
0.4691267259562587
-0.9322060960493974
0.2811091249979313
-0.4032515874596806
-0.6553233857914589
-1.2753197359708528
0.3108190569279561
-0.5159759628301104
-2.1009450167356736
0.22929649238679847
0.25854787026718457
-2.8548637001961095
0.3512021581980186
-0.6439944296858752
-0.4961876038348481
-0.4327143032925045
-0.17415378454118421
-0.8195817081811729
-0.3402326405520815
-1.2246249960290791
-0.8579102286219076
-1.4928053373135493
-0.2705244796623685
-9.520020296848827
2.102078551916766
0.5979087647348046
0.1940026638031472
0.46502511109221156
0.07315339366763607
-0.2030646253039632
-1.750254838253632
-0.27758273659182947
0.9819146937584398
-0.8476613225522308
-0.8421136660637735
2.438769999871041
0.3589391252796391
-0.34981058064810866
1.0305010278230948
2.3686857096038736
-0.6440069682022406
-0.30473504093110493
-0.09849899373944376
0.6931160653704007
-1.7572898115164535
-1.299496083365803
-0.24370076990292613
0.5160789861886506
-1.2722274454860132
0.754022794147643
-0.47388609233633056
-0.5784417197335068
0.9048924425864041
-4.601423845665852
0.44854271742668717
0.2883098855553268
1.6080113251122983
1.0456118535753185
0.6555529538227043
-0.21884182757475815
1.1467472416098858
-0.7112676011629468
1.2227000648940498
0.4748338046042836
-1.86171130775425
-0.12018180335844458
-0.13095753440632923
-0.17682336201689092
0.42088747410342914
0.23558650247262453
