-0.30915209924003806
-0.32818188756111355
0.5700462608949376
0.4011645242620085
-0.2427968667539181
-1.0864152523312143
0.06785662517302009
0.4072879423549181
0.08981718191148932
-0.11038339743701406
0.9165652186556845
0.3604701674162925
1.8106229420731783
-0.8814794898377509
0.44021022154417166
-0.6031460648155202
-0.13438417679459466
0.553340263342414
0.2768435834445862
-0.827815799739601
-0.4874288669792308
-1.5714742121440206
-0.32061908551300183
-0.41388995298310965
0.13215262075844136
-0.103854249889092
-0.2566726815568153
0.030137164622613666
0.37006833065225325
0.37644477144061056
-0.8163236827550974
0.3559597108070061
0.7851025167173883
-0.4974808622840857
-1.3379699444215634
0.012921252833472695
0.348199777320261
-0.6996206778770675
-1.2627010570326558
0.26277425666061366
0.5247607961717478
-0.6649558178181983
5.697665160138768e-05
1.056648710333772
0.05992382106919562
0.15794368580884027
0.0048359026136898485
0.10715830143601762
-0.8513893168997779
-0.9214781019090907
0.9055617913089591
0.7216626923507125
-0.6176217204291699
-0.11075712456199405
-0.7367813063370521
0.058843979819476255
-0.04823042010511473
0.6130593472551689
2.1737242881393017
0.5774085405576699
0.32800109702523755
-0.26132284703614994
1.2756633291748125
-0.4456192252290448
0.5477736211426885
-0.5633803327735014
-0.5216750093520586
0.41704847170332315
0.2189876126881767
1.6739230301510701
0.664963433767316
-0.7790672329000907
0.3642564629623649
0.7290446743081849
0.5783839986533246
-1.151908260496839
0.3082183631355822
0.010178882673252003
-0.9072524607460374
-3.459670077745276
-0.7798068829310667
-0.39704847542652255
-0.12468203806157066
-1.4208605025185854
-0.9186286779021814
0.9466707492555446
0.9801748058970621
-0.8248523095326089
0.415041763079754
-0.10262952740008646
-0.423582220112101
0.7477870125040114
0.043526728578931514
2.444316139300119
0.9641927159019885
-0.7301747950092523
0.8164393394888243
-0.4870166983228488
0.27055321968477364
-0.6487647959341539
-0.43053362432068243
-1.1948362415641236
-0.12802557930074424
1.1544732794368318
-0.5425767441985376
-1.1683110867615618
-0.9186245468855557
0.7598387096515233
-2.382234740424907
0.6345161467347389
0.03164755489337664
-0.19785446460086079
-0.5540220429963953
-0.047706864569892996
0.5488191612339621
0.2723801188412543
-0.4993692259176233
-0.27872583541295043
-0.33664980621752866
0.3955040578493372
-0.020359376896854072
-0.4390458677343943
-0.15122604472881745
1.860972518171889
0.49503190331746727
-0.20794566401260983
0.11803146004579443
-0.11730038258722232
-0.21832745459113972
-0.09023528211510214
0.19234735285650933
-0.9058550568797284
1.2864228405121874
1.0034828282211168
-0.4206722507534014
-0.6901374460891108
0.4311179439215961
-1.4771000163299965
-0.45910039325283436
0.43489617947710246
-0.5059673609174296
-0.1844254262242429
-0.9073484882793602
-1.7387810036515892
0.35448914759480454
-1.2993103976090563
0.08798013978122722
0.21944389941350703
0.006456360523101248
0.2735190852750404
0.9977745387885715
0.15993858321658005
0.17015892934834065
-0.670635698743325
1.0268450362123418
-0.6946353899934933
-0.7619141601737354
-0.8067527145721042
-0.6295055879240438
-0.8056871863583824
-2.5266460019506574
0.6950971838595923
-0.5083687226175181
-0.5302312857829321
4.1628062523678
-0.6013921363888716
-0.19562639946838914
0.4493113761985727
0.24353536601330417
-0.2300181473509488
0.01999344437555
1.120555489285985
-0.34903423298404884
0.5065167099782418
-0.17040769193517025
-0.7441502207408316
0.7340713950953364
-0.6083695046930881
0.4206027839630096
-0.1372934483560745
-0.39941738960456225
-0.19427690140908851
-0.9309571241646261
0.16913002388034387
-2.3411883908453106
0.4090817894358516
-0.9347700178529551
-0.640514951875231
-0.11191817749851986
-0.054590632429128254
-0.12558222094469867
-0.19115332083970965
-0.09122568019124944
-0.627322979088198
-1.0557966105475407
-0.6692330425354804
1.764776612662731
0.8895757339660405
-1.2019753521244392
0.7372955090872545
0.7084120473213393
0.4517859570671892
0.25857777917338287
-0.2334897208803563
0.13746677685083467
-0.3220857773807063
-1.1043359795053032
0.3232819500685682
-0.8300999860529609
0.3419237360770714
-1.4791384770641485
0.24550942370217363
0.05361258804215606
0.5619897369363774
-0.2369735307396307
-0.4503705432402646
0.35357076177689606
0.1323060199512202
1.1572821468656804
0.4025508320764128
-0.9788964722972019
0.03961126759769036
2.834393850966034
0.5397500177542088
-0.3081067924029801
0.6219007245216223
-0.37580146742706744
-0.2733914659093754
0.23415225280883006
-0.3592291662804816
-0.6236091202163639
-0.5201618093458517
0.2078843251770629
-0.11633753081459412
-0.35802591670273354
0.3310812722046207
0.3381012518573268
1.1536129532726178
0.7571467629474876
-0.6791088501825
-0.3487574058213234
1.162950893282476
0.8390107586126214
-0.3819729356828984
-0.6430729132682279
0.3739884290780152
-0.4267871300578555
-0.45075887663354663
0.693060215208347
-0.44399069878070513
-0.42243578694495854
-0.1508863160335151
2.1391249616376995
0.026703290059070642
1.9398470596598374
0.005125553356340606
0.03751429801807935
0.19344962632542598
0.21687608683361584
-0.0663339210874818
0.4629877399484633
0.06345516850008229
-2.1830808785620177
0.17012045825104316
0.23745342249121248
