-0.8903223990579469
-0.9170685769368443
0.612289619478365
1.0707683171022337
1.1085834137676007
-0.5719994655540411
-1.424529942003991
-0.40470816344051097
-0.042679803668384704
0.3592266542650888
-3.4823712862860554
-0.9094429508084323
-0.3165864929356295
-0.4323049664547261
-0.9801975452760541
-2.378516934637111
0.09714657002487169
0.23992906414590104
0.05265337441644745
-0.5668064153070389
0.36430111315701563
-0.5428117401951924
1.3333436179053175
0.23895449432240193
0.4202505066971365
0.17863345603620454
0.610070202446621
-0.9957462096242543
-0.22517819569792596
-1.9238196736062263
-0.056829203528392665
-0.8482878163094267
-0.16352471433150723
0.056600102597968154
0.2956167071869017
1.070388300340301
2.4304288220136976
-0.7146903496518563
-1.0133423934485963
1.6854363166184487
-0.8151493711848198
-1.1341346740429716
0.39368272252299724
0.4185336985323914
-1.1886875847745562
0.6830205494430204
-0.9090856072819883
-0.3200442878570644
-1.3392815948096042
-0.8220560589861783
0.013445402346035642
0.3723700324729217
0.00657515766322385
0.46466669878087874
-0.11470584287449416
1.099969968621375
-0.13057569285321796
1.8137036976858114
-1.0253891412471234
0.10346518840948299
1.3897404882140245
0.7348559594675621
0.16218706429678148
-0.01698459750183967
-2.7834851963986256
0.07225256050001215
-2.028993199079611
0.9608921870548118
-0.6842266343743212
0.29260067240010373
0.002984903144498917
0.1093716430567806
0.3245106274802708
-0.614027810410855
0.8371535508812211
1.2073633066641831
1.0944184805263715
0.02810899967711851
0.2896742797618623
-1.32314695457717
0.45164498806947434
-0.6035956598466354
-0.9487386593209215
-0.1968427278678303
-1.41420233971757
0.8050735915593186
-2.399181180054633
-0.6231901930450082
-0.6700536405546309
-1.0872219526286726
-0.4061421286136898
-0.7538089217408304
0.8741381062525373
-0.27470805550638644
0.10642585927079948
0.4434288323918016
-0.6766645701256647
0.0167642174884633
0.2410080482445263
-0.38983425522657683
-0.8648134340223237
-0.14810308858273494
-0.5608348943298438
-1.2303770986890177
0.18833552995247071
0.6309253196274492
-1.0685920579530117
-0.4863774910423595
0.7629903410594093
-0.04258301541694212
-0.03566844031806758
0.9451888092331311
-1.4610049721653489
0.2132667193572658
0.8177176047573023
-0.24654189039601798
-0.0025909688473828934
0.5885429535436512
-0.8044790480886586
1.095736021150918
0.41187348162174064
0.588444601506987
-0.8981905519589337
-1.3373123175443051
0.7430954422235148
1.2906945875841387
0.8251773610423508
-0.3617879461541523
1.1077152910779493
-0.43202877808135526
1.6130645534424444
-1.1624426799413352
-0.0267363625335258
-0.010042115317082476
-0.3273548808671171
-0.06371826807069153
1.3036525285709177
-0.5479594073392783
-1.1800627606743197
-1.4550042396922978
-1.0654959202884857
-0.19628065676038975
0.3771590081401252
-0.8872633667151139
-1.8007035780777256
0.7235240952971758
-0.9660007518175819
-0.6923102017138685
-0.03227724164855213
0.5949261672454615
-0.26779850646292824
1.0321784952411934
-0.6063952228008451
0.8998782211335719
-2.613900285948218
0.5655777391666726
1.1667382867833445
0.5771934065307072
1.787198131215372
0.45823470300628744
0.900979958017256
-0.21383866988679578
0.218362858953278
-0.34334776327613786
0.07095835610271917
0.8641231159470883
0.6437091249110003
0.4582903745762102
0.11636189852587174
1.206439064327715
-0.6228831866601613
0.11823983057385143
0.37639577065132035
1.3745446299327169
-1.3128403494493766
-1.6330142526354248
-0.15628014595437023
-0.6945117145798916
-0.48065597106834207
0.1300527466696144
0.7122721031575551
-0.5811119828302476
0.4689396991306543
-0.06654419389898683
-1.021241185918424
-0.5240409139807491
0.702039094272979
0.8764225113800116
-0.7802590309664754
0.40262214761047616
1.0562468193390886
-0.8035000539871097
0.007082965721216155
-1.0160603711799665
0.37938854077274675
-0.4586455411318967
-0.6157344773100568
0.18487069394672345
-0.8800694455911187
0.21417596323957366
-0.4722432148175425
0.41081598683561654
0.7938290758387826
-0.1738645471679026
-0.7998130075662881
0.21411679574689277
-0.9488927331690569
-0.7701379199148799
0.328581065201095
0.5779656958645116
-0.48729974147001276
0.8246184960507953
-0.22426627954680486
-0.4221203414404029
0.05225364626994347
-1.7598376133538665
-0.7851973176712369
0.39751475901192673
1.0328625985892725
-0.12074963303521868
0.04204299600988823
1.8165527090937306
-0.0898017107761728
1.148870466454338
0.5663539870278547
0.2499099687720432
-0.21227240534337644
-0.1511394048109621
0.4787349096631721
-0.5476986623861222
-0.14467227937752067
0.8812741442521485
0.931900389826423
0.48043817443085735
1.0187710566877688
-1.4026040198306535
-0.2519115456206348
-0.2907739871735584
-0.0768557570055694
0.32840387280111144
-0.6857151918574688
0.08358702430223035
0.6660718726588283
-0.05142845860585323
0.24015059645494916
1.0130885766571325
-0.7735162193050866
-0.5452730708091755
0.5977158307330946
1.093567337334042
0.4090125736215675
-3.852340871599279
0.7094681660919203
0.8661323458668789
-0.9892067641649521
-1.2889955782486062
-1.2237011049512265
-1.3958472053625282
0.9826750070051493
-4.31662070763717
0.3370605966116411
0.4102292039337772
-1.413794662279975
0.05593695451074665
-0.04652346006822415
