-1.270010135604298
0.11404745381811973
0.9942797741091636
0.8412406433908852
-1.893983960317446
0.04714650195360173
-0.8728355575128577
0.14755611580417954
0.3212906857039527
-0.04924583387276342
-3.91762931016647
-0.9107909848441301
-0.378642553447089
-0.04485094875955839
-0.809814780314524
-1.0785638159626447
0.053412264721699305
0.16723513573536206
0.18738672251044225
-0.37055924595902034
-0.33527292316485297
1.6817066043782514
2.1416559499834014
-0.5014340720154148
1.9757131893428805
-0.6991359946354704
0.3329939470939552
0.2965722829695108
1.4457309501453681
-0.913885016946911
0.7604433554760442
0.37860776465430557
-1.8791023393952317
0.7035198857836101
1.3719441668360366
-0.2058414321651965
0.34727981819482795
0.036031111990544026
0.4972781244565874
-0.7677137006629782
-2.304411389058119
-0.33169110254974804
-0.11220765118407036
0.7059365696258487
-0.33578810136827253
-0.9585918057728416
-0.7407525797726306
0.35842398242564555
-0.2110352302671213
-0.033175640901715375
-0.612952627651746
-0.5380764165626659
0.7079889145360359
-0.17068649302384042
0.1640271930795646
-0.5439147878024833
-0.4252639971878484
0.819482670294186
-13.753200797601647
0.28320917193722045
0.6542411228829633
0.5964721495203321
-0.8461302349437541
-0.0921021704285397
2.038083800369714
-2.122951916081475
-1.042178351201188
0.5236481687790466
-0.22020727178597177
-0.10173258927196799
-0.7470093785349062
0.3635420104152982
-0.030336438138625244
-0.4028699887665801
-0.25045289432713236
0.5500412188034879
-0.15895203346810116
0.06433351764957167
0.8199181621581497
0.18452090579617195
1.1294010340501561
-0.2320039907383003
-0.517532332532878
-0.7852847175495311
-0.6745553607511914
-1.0365582718701185
0.4672582460182084
1.139228219408265
-0.5973022662409124
-0.7473955924407142
-0.5177634616000714
-0.4025337196080568
-3.5142345863577975
-0.6443089843200595
-0.6042029901385967
2.4588019698194277
-0.6065510266036971
0.6055550858931685
0.9955006344283872
1.026226369047131
0.4426686545493457
-0.6793879019951488
1.0261359758383892
-0.07034459642621146
-0.4668976654550192
-0.5638385486301588
0.10831413406445459
-2.692673421285587
0.2486092673516874
-0.3813525716045237
1.03357530787732
0.4039313489612361
0.07774911140739009
-0.20398954399079833
0.7225679592679932
-1.7599942154420218
0.25748582769414535
1.8839445419942957
-0.41582640689496403
-0.13359190099631588
-0.11734680855510211
-0.8391522906842577
0.20285396435268974
-0.4329344372109385
0.5607785155793088
2.9087568416052862
0.3723697325793379
0.8671663216042459
-0.9155127272514244
-0.7915507270994753
-0.46453610328486644
0.4462183711121169
1.012572380706982
0.13531919555242444
-0.06165861710517863
-0.1791802029995171
0.823031752053192
-0.4056764651080325
3.1304924458851704
-0.6517802135036385
-1.4059563526380243
0.4899051423301629
-0.851551812848719
-0.22127790082343277
0.3072754668726558
0.2878696057038749
1.2291607463731224
0.521680366197734
0.8443944941648798
-0.8485286316669634
-0.12444732833883546
0.1547066605792211
-0.024662026666193194
-0.7517739158236939
-0.8088671558982986
0.7270943774822431
-0.23362537283599755
0.1624461557737684
0.7115409685622742
-0.37501999558075855
-2.3533399844139873
0.021112198215314026
1.226231435498273
0.23605357972820518
0.098601061972269
-1.8444012036000927
1.0261262467916519
0.686278841890335
1.4549445768028133
-0.7193582309397489
-0.11065521833006033
-1.2209712813749156
0.47725378249639433
-0.8298216342064682
1.5780955893710047
0.3387611723611494
0.08166113433253877
-1.378275198282725
-0.22687589315168388
-0.9431176404398671
-0.11700270215272154
-3.632179102170431
-1.0792105655104416
0.9616164490009738
0.32094507783813636
-0.1904288854336552
-0.00510558604798933
0.019691124165874735
-0.07018774523228219
2.744857586631252
-0.33810228926911734
-0.5145848231096053
-0.6206896674974183
0.989109980711664
0.02407721682916447
1.1548463482705191
0.21035618206068118
0.2024924555193415
-0.8821904341497566
4.2144294622132765
-0.15735625470413472
-0.25413197014640787
0.7577827905521949
-0.5392502863032121
0.42066016496925024
-0.19657629904014848
-0.41484508065878506
0.45256676460063566
-0.646625907026443
0.7508706166160612
-4.374988771792305
-2.0453513849237437
1.0187613954108472
0.21094181348919896
0.19239366030993396
0.3506555507533858
0.7513152586640849
-0.17854707541676937
7.124797663779038
-0.6232836876266552
-0.15480030949164042
0.9009078466817844
-0.72875155862956
0.33252299639564004
1.354852192049609
-0.8408954672720143
0.8270008088984759
-1.1307360226236411
-1.7332617639364005
1.2143153728201133
0.284085780081343
-1.32260852365635
-0.40579330263915825
0.646357780736431
-0.34246707717846153
-0.5824735597944793
2.686875331087616
0.2034515113868047
-0.33393231535878465
-0.389515832642669
0.5096306148295321
0.965146363192749
-0.9484865260450945
0.6079157725968286
0.5472238842452138
-0.17552321780867342
-1.699637563381554
-1.4490203539732627
2.445674287788749
-0.27355125503317135
-1.8941655428358444
0.3893680023758755
0.41147145933828194
0.2924325481757463
0.4666947343074507
0.26699124918745165
-0.16031074016754754
-0.035257571796240256
-1.748655378157763
-0.6000996892014991
-0.3269983898918054
0.5550063643498218
0.45686475474712823
1.0980352161938916
1.087978359751402
