0.0188893669362399
1.2940437915677925
0.37531324528441
0.049583474259033665
-0.9322430861462305
-1.2328336240169506
0.44910267332281006
-1.8670077702650671
0.3048936554675192
-0.675182965682009
0.04659135223010193
-0.5390698475661241
-0.2711089064198444
0.5317255465564369
-0.6587516786601558
-0.46800030838190104
1.161806346918156
0.5832561800724426
-0.9864803081956075
-4.859959078395406
0.4349301373247731
0.02476133415351707
-0.048310333547441325
-0.6746989454414712
0.8482601435368753
0.38695426345739964
0.33914077568186546
0.7031139688423684
-0.36321350791894086
0.0940329154880008
0.9794028888984916
-0.00042597918889045183
0.8592339148075336
3.226395916497759
0.5405853671332667
-0.09125659072706482
1.0032603053117732
-1.0364299529509302
1.2533009490461666
-0.08971476483862309
0.599663261780077
-0.3052557813109197
-0.4886531716860937
-0.12324915803349704
1.6149679774433183
0.09682989188895645
-0.7611401686583541
-0.5378122115020852
0.04067671563778631
0.38425367518442005
-0.04299110412303085
0.7802512899542998
1.1239680843478173
-0.65442234028144
-0.06307682870051766
-0.7747181563588059
-2.177969448396374
2.210784149325393
0.3296438888231415
0.7413719632794364
-0.06678349049035517
-0.09990028478234775
-0.6935027507591812
-0.26206257252980114
-0.14966058510139937
-2.6120777797459422
0.288225756927093
0.6409449561345077
-0.6535092393681269
0.5061062105259546
0.8379254124901245
0.25674268407752054
1.6733624489206027
1.074206784367805
-1.0115056271397684
0.8170874392179662
0.025805785856404584
2.559979625342449
-0.4697872826446432
0.9305782040706125
1.2106981010210371
-1.1780344359295611
1.3902065090397326
-0.3356113726628436
-0.2563888601294314
3.331708242998987
-0.963417332142775
-1.2052410407509953
1.306328919522837
-0.2628563665905858
-0.4232737903263171
2.127102645973988
0.059624948170792155
-0.24248988468575416
1.2185697479856743
1.0064270595634461
-0.3413711231661414
-0.4970358045867874
-0.17847754815982697
-0.42215818448871284
-1.1511066342975618
-1.2091872501257188
-0.3720338340248886
-0.5073468099552211
-0.30159614424392717
0.040417335382852686
0.60780033475761
1.007398505121183
0.8819959024005918
-0.9994039732532616
2.5703692830650793
0.36352164724225045
-1.7709196112628425
-0.4126037285378797
-1.8058930007494425
-3.6321813977771087
-1.0946706333897829
-0.47747381554733914
-0.8246315801440095
-0.5120956234936586
-0.22515372934261194
-7.642748413932024
0.45926227001964903
-0.14097094609366692
0.7515514497002137
0.10167702071913398
0.3817919494058628
0.20611690475397687
0.5969963942735734
0.33952193220073984
1.901809327901004
0.2562897830676958
1.3239436172101078
1.9966210966948403
-1.160118794984189
-1.756554423260151
-0.3193602960148631
0.2774579335267236
-0.4561138565984118
-0.893600030026206
-0.7608733203837879
-0.5495461232653658
-0.7642047909058012
0.19199616305577127
-0.6871947031867094
0.3192486956207932
-0.1470102724558815
-1.0286779428126414
0.6775691680733031
-5.760019695809382
-0.08605466766480599
-0.3613938492276529
0.9251983602512934
0.7763202613254829
0.18944874280438917
0.16534492604522136
0.40440221111240915
0.2408637805927728
0.6278425774018329
-1.0005530419107491
1.3366999320825101
-2.000943120655337
0.9702377341669944
0.3287789040122628
0.5556427624557139
0.34848874032624194
-0.21119274018025994
-0.3944727381706295
0.6891408039216548
-1.0383053670430034
0.14860938184451963
-1.317595229389417
-0.43966639978297434
0.680403565874156
-0.7105932070421233
1.0149443410574888
0.8260299293233538
-1.412002985773132
-0.3839350769346923
-0.6764440360083179
-0.1207981625845824
1.0848228467421388
-0.6530911321982237
-0.1941667880381878
0.2660490034102927
0.8013206198406841
-0.3403269339222872
0.12673467341025316
-0.9009242069010304
1.0929063241730836
-1.1666192556327737
0.03549747475392313
0.010031256763186454
0.15590043334154624
0.4206070999884067
-0.622488676319005
-0.49591438771991314
2.550544575198593
1.9321024425323783
0.43004310641364685
-0.8693584504821544
0.48956872395387835
-2.0172011121596385
0.7663298517994106
-0.6720651294492165
0.5797439465258093
0.780373030064772
-0.06579035878694511
0.5156523325686264
1.8669022764656165
0.06674000258280707
-0.1021008028227654
0.5039746334722577
-0.4478926341964831
-0.12098260251793708
-3.366839348250715
-1.1512145135248713
-0.01419398400332272
1.2046359781362006
-1.8157193493734878
0.01925087974727109
2.1238215587264753
-2.2008626289681295
1.64978455671409
-0.7952286044760459
0.32543235562111855
-0.12511538588726226
0.24442317764573457
0.7324440887325574
0.3934734691075842
-1.4455200808466777
-0.6598088462145465
-0.7327259669741876
0.8496297579733525
-0.941416498494862
-0.4437232748755049
-1.9239320453187259
0.5978234191872895
0.2504680920002549
2.8321330566691367
0.6887363040175253
0.09316967045905822
-0.2319437766152208
-0.5688866594706519
1.9852286610427983
-0.46653631453655825
1.541508549337973
0.6683051806769907
2.411492830554009
1.3940220391117526
2.7878646692089357
-0.0005191664467034326
-0.46121721558508333
-0.04829427259607758
-0.3922408279766966
-7.074175245621789
-0.3026036872636242
-0.049544122281467595
-0.6034044942998672
0.5810546476425321
-0.4460115015456274
-1.2058002089592628
-0.9509836669634615
-0.8103363757752717
0.2702750691963449
