0.14617750972060373
-0.9972133144755698
0.0015435678221787821
-0.9653082640754502
0.002066082118590261
-0.9965631296718795
-0.058360211374634006
-1.0464166677515196
0.9950281473008898
-1.00120480191056
1.001767184079509
-0.005563283328947878
-0.45634280491695
-0.22604758882058285
-1.5875656239205327
-1.0074320385130981
-1.000922620247463
0.021143896833596413
1.011353375716544
-1.067721551434228
0.061151165077856326
-0.31409821661754056
0.09176441711702743
0.48599851964638296
-0.7632860078281035
-0.7102877023902539
-0.9399133536745995
-1.7549587705645084
-1.1976644473975768
-0.5632289632130494
-0.9657948551840012
0.9857730757840741
-0.3932704562708203
-0.12625117160967805
-0.0007080845289209044
0.13331832108578728
0.039406301430650756
-0.450463889610534
1.0074751310023984
-0.6290527069205103
-1.0013179693582759
0.5645936691421104
-0.385518123701909
-0.9689373931308329
-1.3163477959801302
-0.9999312033430807
-1.0031370966923057
0.0021062877622493696
-1.0095992600562627
0.636599568257054
-0.6513351818494852
-0.9754916453631488
0.040294839361878894
0.329512844163428
1.0534638680690396
-0.8490169901206519
1.0059304053767888
-0.1982727690585708
0.9954144083251555
-0.9886688497896559
-1.0245009175270807
0.1432241130662156
-0.9993958994597564
0.006285250389666454
1.0227600926224318
-0.7708089458969984
0.11856237667554134
-0.9958228909674739
-0.21556137945009196
-0.12578140417552847
1.5435043984905206
-0.973187620582922
1.0027131272818592
0.06839421094909322
0.2536853043613659
-0.9820358474534505
0.41329238457676987
0.9910995919736802
1.4158158734574389
0.48310068436658227
1.0086283757225094
0.0030357827487282473
-0.27703389423823627
0.32562313384304953
0.38410444218140977
0.05894166856074757
-0.1695369819065567
-0.9961194966907725
1.0017482889536613
1.1737437734953444
-0.8993126010711694
0.21108885760708518
0.9924849141341126
1.0048956101223487
-0.5205716149778739
-0.013064550175187616
-1.1713597614560103
-1.602798875008559
0.5834412896612785
0.9996701355735806
0.9993122451687714
0.1847717728484048
1.2409181286250637
0.9226303286188129
0.3191064303155158
-1.787740063053682
-0.9974062326983217
-0.007432252183544193
-0.5036602364121323
-1.0016577169370589
0.27072266480004625
0.24708293748492782
-0.5030175223149491
-0.8672651610521248
0.42143946566989704
1.0000110580540817
0.09092293239096975
0.20371522090797078
-0.9004507890107589
-0.2460542934737844
0.4174185114629861
-0.7174644023956431
-1.5876892380980552
-0.7845882452656145
-0.005116808310989666
-0.006732907942047046
-2.1304851391747697
0.9927710661010537
0.9820069302213673
1.0007462893372727
1.330068802890856
-0.22601666984652452
-0.8963753533584499
0.9973216037220314
-0.007730449454529055
1.0037411191559282
0.16895783433655515
0.9482640793757868
0.10273151838482779
1.4451359906109258
-0.21730488382678237
-1.0041800574357627
-0.9943896873386021
0.05061020231876237
3.797408307019995
-0.0001275358204473428
0.00038312645691023373
-0.2161238940489452
0.9995103179731221
-0.9964686337017381
-0.4416826338026534
-1.0046424629327722
-0.8728950200908681
1.0512356085118277
-0.7223958812668634
1.047698638857756
0.4299382966825658
0.17297301142384175
0.9702211294377343
-0.0004101653442211174
-0.8164847622324177
0.9969002561710286
0.5338857012445655
0.5641888136146562
0.5318900067237811
0.3237301098273108
1.91050597097069
0.5497225823038858
1.0293566390324325
1.0008569598663613
0.7439849187964582
-1.2315742491637462
0.002496006087527101
0.6215961753153589
0.006446718893688004
-0.015028574675191197
-0.0654426356231117
1.005886658272332
1.0053494710227104
0.8746889301122519
-0.05407824001034073
-0.06031725247717681
1.0479044061228715
0.9886058729743512
0.07522025080540397
-2.2545359427774323
1.6835983843608118
-0.7396135457069855
0.004542150256358924
-1.0000307273688753
-0.0832377314808146
-2.3669134691439484
-1.466626474696929
2.4047354724121974
-1.7477574103587898
0.008121973489938284
1.0092620054830328
-0.4537082417662176
2.0057626836930877
-1.0687111569022423
0.03947260012998954
0.024682217995484645
0.5639403411341702
-6.708892715693828e-05
0.04141554266165204
0.6950002371416805
-1.4660060613160697
-0.0201596075941661
-0.9998192009628822
-0.9944570590786843
-1.118722104559188
-0.5658688838232427
0.7745274908421445
1.3919916419195875
-0.022806493360817574
-1.012950861926435
0.946194337116092
2.422808656460648
0.004115946009038
1.5862990752311095
0.9939060030236524
-0.890562767702936
-0.00012451859113910628
1.0716483024417478
-1.0119077128796423
-0.0006124202041258974
-0.31490248492371187
-0.9767689732019212
1.0053039549399783
5.764579588407407
-1.0117573012323806
1.0020584987688395
0.6970897521268036
0.6733550134609148
0.09198164962785321
-1.0736461770061079
0.989700324981942
0.9541334864825869
0.27045059502753194
-0.2672089927861275
-1.5070011590536168
0.002696557881657669
0.04584979994246967
-1.7463592909042904
-0.9680472226934573
0.9994457684351299
-0.0006369856373566169
-0.1923323797001958
-0.0001150902412978835
0.9776106751467184
-1.530115224226191
0.050732907674481395
-1.1555915612650118
0.9547026041473198
-1.8124265987928552
-0.005099616875559762
-1.9276736184720145
-1.1391926728047381
3.1708458274163127
0.008618010642387191
0.2783074037133204
0.26636669804229934
0.516909632541279
-0.9451640045910615
0.669846723038223
