0.1430072245786558
-1.8347241994365835
-2.165090304932403
0.22997902776135512
-0.14681876424233425
-0.9498043458882339
0.09350569290472498
-0.8638146115252183
0.07322644267077892
0.18053840066575552
-0.10165779697984344
-1.1750848491172503
-0.24192008995546968
0.9313825909856038
-0.11405712280958394
1.2499191285693452
-2.6841492683838633
-0.7299906519831675
-0.6565243567630434
-2.8358537381102757
-0.30163988947572506
1.1822683984855975
0.9624360391995503
-0.8588187709563289
0.38764160808766546
-0.04032671110571932
0.22145635255567164
-0.6989804894607895
0.8009208537523756
-0.40092695644566095
0.7718784583251306
0.19236605833770054
0.8119215087157922
-0.1315812554046348
1.7333694697670983
-0.5064717522400646
-1.5213416386439538
-1.5510616070900698
-0.3439248664614376
1.0422988684519803
-0.009473227899564535
0.2866137549009762
1.0638585019499338
-11.12197444449241
-0.25876581645174673
2.2113690091130387
-0.11045285842012381
0.7622176299365062
0.6022013403617155
0.45517848251937343
0.7208043281212936
0.3796674972595478
-0.29951654129673677
0.8134560744588313
1.2152086198685548
0.7433043098808835
-0.01291020157242042
1.0860709197593408
0.17539177807667586
-0.5013594420514348
-0.9963560128986703
-0.09974538986137275
-0.028195509973214846
0.09279797042129007
0.8123646315184445
-0.87109916388138
-1.4149430689211266
1.02142187704558
0.5527774688841012
-1.0203052728367281
0.9670268339072636
1.2218735541171315
1.2102937556810212
0.24887440459995308
0.6508385652970984
-0.17037572584763624
-0.6354044609901901
0.8155871318559447
-0.12209297985369023
-0.3202542379892706
-0.12582807745693822
-0.7258931668115893
-1.5031924528929512
0.19943807755087145
1.0657231349433147
1.335683876369997
0.6598244251231855
0.854579012543826
-0.5436980838182257
0.7647825184112874
-0.7435028053109919
0.3328765737877427
-0.23371758808786833
0.14412148620223372
-0.21429856953122195
0.2795509606350052
-3.7179492719551277
0.08940939095374614
-0.9264820150281065
-0.5629612124389207
-0.6969110273664191
0.09213019726474997
0.9004445246252243
0.8047155373832078
0.6208951163205639
-0.6705273031951331
0.2619706951844238
-0.08726488532739457
0.0035676065257605927
0.9463541966700111
-0.1395186394151503
-1.5761168556738336
0.15677999308231932
0.3363705910985776
0.012739715595713672
0.42423853924564664
0.812745271431969
-0.1265332686188144
-1.1000588310547195
0.12249322222115377
0.6630120290319599
2.8739867146109237
-0.38476028268158907
8.646773680503495
0.9668743595121272
-0.21437032333872785
-0.0069901939859964395
0.8180928439126515
-0.726217629633299
-0.7718520762960928
0.020489073283888784
0.1877687247598991
0.9955077956633054
0.2869971244045261
1.5989456510628448
0.20786453096874244
-0.775185671171979
0.9205598197079751
-0.7717004343409185
0.025957040783520176
-0.29933156013985956
-0.9077323731131095
0.4721504296365564
0.055399223963397214
0.46472851604156845
1.1166189250191791
-0.9615435850776927
-0.10386662009111974
0.6258231314288989
-0.23067006465001064
0.9549325434491416
0.27731021908330167
-1.2139360314223777
0.054295773189166174
0.9319417366538566
-0.12278610430483995
1.5466994706124573
0.459033824974612
-0.5685682747604147
-0.7710314370606175
0.16265930839234688
-0.01569035037522702
1.1589999862796028
-1.3358263241212343
0.9877396604668488
-1.5105110564730413
-0.3525244897570064
0.8561530721717614
0.07888907020170632
2.093181659663272
-0.9508752259561017
0.29464708482536706
1.2479451755479645
-0.5292060605397972
0.04528402947621112
-0.9459120458620602
0.8409202481749329
-0.6933173943034172
-0.786228123948873
1.412352316335875
-0.3464740056878911
0.9821705071963924
-1.0074343283073013
0.5856413145591034
0.3394461221583027
1.1531480872435422
0.7445560579211064
0.3742971689700507
-0.16969301025932182
-0.8028926185290881
0.2057153517004885
-1.7244259027121265
1.0995149944454023
-3.4550257753555647
-0.4947122647279409
-1.2724995988055372
-1.2693650980245788
-0.04141236166458232
0.10304846414175757
0.0998209850218285
0.6662019896686325
-1.1098424551132686
-0.1467278064427467
-2.085587402186412
-0.5769717234729488
-1.0544660003327113
0.9906589764489092
-0.1767585359151203
-0.9609593481633478
0.7270367413956687
-0.4621366629785159
-1.0458888472314718
-0.7827082672667618
0.005541456336699859
-1.0940400429895631
-0.8354017555924439
-0.7425544123936747
-0.8680990628604393
0.23449174537880985
-0.9041907694106974
-0.7729049189633825
-0.14921315741761865
0.9738755278685718
-0.5827137524050304
-0.12108734983129654
-0.023275784118366012
-1.0398094852140403
0.7794478052414133
1.2682503390605249
0.036175071877179436
-0.7324882913721361
0.36245808538557267
-0.15928409075216826
1.219206877580811
0.8541687305837
0.023561693103006716
0.03314810247475353
0.8749197069429565
1.1040587227862089
-1.0193721568168215
0.12471814974271285
3.334709825100323
-1.0979932776631274
0.12696251075689433
0.42813504867506735
-0.025267937297685228
-0.10033231529538206
0.0010049532319990043
-0.9731893864163687
-1.230199368607323
0.9392786706920557
-1.0206513687813075
0.7464557565310184
0.34895310452873246
-0.06646366448223805
1.2027221197791715
0.8950659923179394
-0.19002953929886637
-0.45511580466371093
1.1081925377252377
0.05143585327801127
-0.9532988922936626
0.8526386188189429
-0.9670674391143295
-0.41524371040045566
