0.8999012422324657
0.07558446472890852
0.4346430911150772
-0.9805159679564339
0.021796166000655738
-0.3189456576628343
0.5398194856349519
-0.06341872738712012
-0.6258441980490919
0.777100228409622
0.5329239329378083
0.20968991600556047
-0.3852550499081604
0.5581400770265619
1.154584541838986
0.09875828244118617
0.17152826608045807
-2.7460812905967265
-0.021581948175723654
-4.240736396863019
-0.9393248670232549
0.31422708017222395
-0.00010981309324598065
0.9522039675884529
0.3457664622044689
-0.5767939499060626
0.17782796546812085
-1.2851743945570107
0.9279308884613451
-0.6403965387192352
-0.6695440043261754
-0.8718270093132071
-0.3832738642212929
1.4193579488853743
0.1901870898841162
0.21255755434924162
-1.1135198952953886
0.6140405600380003
1.9391989872691917
0.8505538651677131
-0.547405433799612
0.3735470655823603
-1.0031497097653763
-0.1256213070738342
0.48316947248174635
0.05198589260445759
-0.881693232497792
-1.107713553075575
-0.9434181634626737
0.7583701820604949
0.2964122308935305
0.055955482563167715
-0.15507989135277428
0.23203369829791676
-1.6801282749774469
-0.679356736802277
-0.514464850615307
-0.7268228615038088
0.40877479957184837
1.0422308880136177
-0.3181153963961061
-0.964257831228264
-0.4340853718346087
-0.034774003034589704
-0.6585217777774119
-1.0186531037344482
0.7745950401476651
0.7333611804008511
-0.18849083124693516
-0.4416773263391249
0.15596844903633028
0.545451740285755
0.46883156754524413
-0.7232274497896153
0.04329332096297107
0.7978324326804304
0.2688878176112989
1.290753697198683
1.269322983395593
-0.6213242760879707
-0.03702480674533776
-0.6208437877488588
-0.12752138375921296
-0.36211470531571416
0.3128361304514322
0.04223178007670653
-1.5323098405977125
0.574798417390516
0.41584756514207516
0.5890658033601273
-0.35196488399478965
-0.9731117678421286
0.7122156379761976
0.7145979485616745
1.248904085829882
0.4693641639134359
0.6212431250153594
-1.7096987689610865
-0.8977856371169233
1.7888196022979095
0.4206069232333326
-0.5942084694398737
-1.0365074569310595
-1.3667449647671581
-0.2421409952324775
-1.0238672639303688
-1.438997220302033
-0.33545732048081467
-0.4125187023680589
0.269260028936619
-0.21752406903434576
0.5266216912712762
1.1357935771440835
-1.1796288254416052
-0.42345985885868714
0.33297659653835515
0.3350950358341405
0.0537551454044525
-0.5301602668037259
-0.083964273670322
-1.0101271764199342
-0.0197938612729384
0.04650132431946106
-0.3371670038638971
1.343888718018694
0.3352557255564898
-0.15861072099360762
-0.7774820620551179
0.5602441306592775
-0.2646113791822043
0.19427079670530006
0.6720239986361993
-0.15172186207021213
-0.03095388919695749
-0.722259087724294
-0.5603313684225318
-0.311568030104193
-1.5653830376946267
-0.646912228107004
-1.1664968232707476
-0.6548960521688958
0.7376937657066834
-0.780590622429274
-5.133374330148582
0.23618161680861519
-0.08383067278033719
-0.3095819463720799
0.6372959510317326
-0.585521777060085
-1.7727203912297276
-0.46786682045221356
0.5550894973749098
0.4043667831795077
0.9874817521345893
1.1804660759400045
1.2607837979252627
-0.22340931995688593
-0.17979134766290283
-0.10075188543555154
0.0423372379832375
-0.015133444613637421
-0.2001420604003085
0.6735673195400674
-0.5487385741848951
0.47255240557426487
-0.3137931148406066
-1.2595058853721852
-0.3986922533407038
0.7463854972823761
0.46007594406516794
-0.30193421807872467
0.3970066041938742
-0.9899101705702377
0.6802473399363634
0.5884010502716651
0.10891950044649165
0.2222946157412645
1.1452426395928368
0.08010137240293669
1.0977758331800267
-1.1224851650248895
0.40372029809718707
-1.0378325871713163
-0.8503379359297636
0.5349816589413174
-0.34556614837649907
-0.5885921205496876
0.5089499634131852
0.41914146643816197
-2.2930966341734447
1.1915857949734199
-0.5345224423899867
0.07825599424818427
0.7304124985054512
-0.5008923426607874
0.9817314928462737
0.7294345292658947
0.6223615552313473
2.318261331187976
0.5205730167847991
-0.7819734709016812
-0.8175245243342231
0.9972224166169689
1.4457774624183735
-0.33743902165035544
-0.7108121719411772
-0.42060036184260136
-0.43329317490311653
-0.015647341097984616
-0.3297472080443763
-2.1849707615744163
-0.2687634990848723
0.546876057345624
-0.43101784195323256
0.1285168899161222
2.1338213295243946
-0.147347339880763
-0.507405209170009
-0.558640355614788
1.1176100892662726
-0.35182837182491244
0.2660990895465291
0.18712861502598843
-0.057354763900373924
0.1775653684198652
0.4908813369056347
-0.45629421284808735
-2.8789494079738924
0.125204805905161
-0.9915892292131528
-0.3203670132397062
-0.8806103465261053
0.16472613425959223
0.6359229720306251
-0.8135641193945224
0.471309658249878
-0.9098443023273453
-0.11512867921530084
0.7779190047476119
0.2546920880474271
0.26379485853266604
0.8090392869892362
-0.8184126578070136
-0.38717286369135395
0.23063594287073488
0.00126795080665678
-0.5815209628716227
-0.26393103105627824
0.9791288894204635
-1.9521479995252657
0.6499402473976698
-1.2031914488300606
0.7426296610038752
0.8953284605718534
-0.31838309986135904
0.3428001229180849
0.32171844732425275
0.2498302907684953
-0.22296395438858796
-0.6472524522118831
0.2214850797714533
0.6763261727194885
1.4529152424936775
-0.03240111840034141
0.32827069224429717
