1.0
0.0
0.2825272272380211
1.0
-8.596545155124721
-1.0
0.6824450835154633
1.0
-1.0
-0.591865973320828
0.30611795089673427
-0.16555121558766903
1.0196999863895904
0.0
0.704607001835635
-1.1667644338251726
0.5071987248187975
2.6133905369316763
2.084623656535589
-0.25460990202406397
0.4156286833478293
0.31811280766214645
-0.17358777909410064
-1.0
1.0
1.0
0.0
1.0
0.47274988203397095
-0.7336466930062985
-1.061945815934038
0.0
0.28366395905856656
0.3435819415889503
1.0
-1.0
0.9023423311204242
-0.8080927724816599
-0.35556221940715516
1.0
1.0
-1.0
1.0
-1.0
-1.0
0.8360513913342925
2.163742323194023
0.5846933519603607
0.0
1.0
0.0
-0.3825476397219733
0.0
0.0
-1.0
-3.7535037720720306
-1.0
0.0
-0.8350514690505134
0.40279600313855307
-1.4601094079224752
0.6940553065383277
-0.7305872414006234
-1.639301637166778
-1.2570795180457397
-1.0
-1.0
-1.0
0.0
-1.0
-1.0
0.0
-2.71230705941304
1.6143605452623708
-1.0
-1.0
0.1413569956019474
1.0
-1.0
-2.122609034431342
-1.0
-1.0
-1.0
1.0
7.292266062937351
-1.0
-1.0
-0.14992896677949766
-1.0
-1.320323766381962
-0.5034697380868223
0.0
1.0
0.0
-1.0
-0.6442396599786964
0.41786778673061387
0.002436970658744814
0.0
-0.5830631624175417
-0.7706490449083621
-0.3296382708247691
0.2153643783701216
1.0
-2.85123888252241
1.0
-0.08391911123688119
-1.0
-1.049164067568546
-1.0
-4.13177182247572
-1.5835148703535653
-0.4178711896418029
-0.632713041831557
0.0
-1.0
-1.0
-1.0
-0.34460289069509165
1.0
-0.07251971447372003
0.0
-0.6140657320861491
3.598907639982855
1.0
-1.0
7.414889440708845
-1.0
1.0
1.0
-1.0
2.1035685185855706
1.0
-3.8593386395414835
12.638832768742946
0.16172935832749447
-0.27965469014765376
0.6872949090137987
-1.0
1.0
0.45313380216605836
-1.0
-4.387932947760857
-0.46229381787104995
-1.0
1.0
-1.0
-1.0
0.0
-1.0
0.2387018039362065
-1.0
-1.0
-1.0
1.1042808356187503
0.0
-1.0
0.8136720211799258
-0.3738778447907865
0.0
0.0
-1.449498265037219
-0.5628518849774925
-3.1857572194536865
0.38994778696534566
-0.4070001993167181
-0.7249014737476251
-2.023067337592381
0.5762571983050667
-1.0
0.0
0.5269255917492774
-0.2866963553324266
1.0
-1.0
-1.0
-0.30721246725989904
-1.86867365741058
0.0
-0.032767510371949554
-0.832627508164594
-0.9090282629667502
0.31368496042685995
-1.0
-2.751745695365072
0.4059995567824672
-0.40461946120478465
-2.9518383015400844
-0.9630752495862599
1.4620488675849515
0.04941804148958352
1.0
1.028573121682361
1.0
0.0
1.0
0.0
0.0
1.0
-2.311078665175219
2.1736341747664385
0.31647602372565875
0.0
-0.5718207083647998
1.0
0.0
2.2396368113625464
1.0
0.09641738337344284
-1.0
-1.7832058667979225
0.022422883464214588
1.387053746298253
2.7037581821400716
2.214970591715198
-1.0
-1.0
1.0
-0.9936991238754794
-1.0
0.0
-1.0
0.0
0.0
0.6722259417991622
-1.0
-1.9751743325489848
-0.8948494896444386
1.0
-2.6182660257775052
0.9536586385078534
-1.0
-1.333488794307223
1.0
0.11344241463755605
0.0
1.0
0.0
-1.0
-1.5704694954899319
-1.04625741433671
-0.5343183807501064
1.0
-0.13388943521624255
-2.0887523472095655
1.0
0.0
-1.0
0.5049832010716817
-0.19701095782144967
1.0
1.0
-1.0
0.7863911779905169
0.0
-0.9513687197031677
-1.0
0.6271051391942595
-0.6431223925952133
0.0
-4.984233415931371
2.3377407075678116
1.0
-2.4616658152110977
-1.0
