0.18123564608130666
-0.4420020082321466
2.1256526962338755
-0.21255207831688955
-0.15238078394350887
0.023406687499512337
-0.08117637497280998
-0.569267150138449
0.04319520197913212
1.042805703088411
0.40707654784139646
1.4772965882631237
-0.006698814619178332
-0.1966092323120681
0.4905425681412327
-0.1471782905288259
-0.2395584699004896
0.8094760372486363
0.587373853410328
1.0358450181565646
-0.7500634416211593
-0.27895674614438226
-0.6694947219859538
1.0709536931303938
-0.42469731323621185
-0.9687322192164918
0.35541906443319865
1.0881158713090233
0.1539603678423449
0.3370826722524269
-0.4449145847070404
-0.5423290869859735
-0.850845837551455
-0.8343530309807315
-0.9494659406264444
0.5035282538577022
-0.769120139976583
1.7289680925099054
0.13077391219153936
-0.4369819952524342
0.22212768166732733
0.21102946882902573
-1.715882240686152
-0.0373607065152769
-0.08135297440569168
0.18351173803420837
0.4643624921637335
1.8040671577568979
-0.8127277212948681
-0.3047630908932289
0.41465600517040246
0.593188366411396
0.9547161478574423
-1.7112239377989247
0.054016670591698464
-0.14115188745126206
-1.9485321720926676
0.023608994895897836
-0.14054625031320309
0.1872925161634066
1.3141557710190113
-1.4720228709549932
-1.1072071533975263
0.4924100140879004
0.04720811058979478
-0.38096310578731507
0.0679857203821469
-1.0802001184980494
-0.4306837262147337
-0.07553942796036935
0.07303605422913158
-0.5447649927321055
-0.7898068950824327
1.3023680055847433
0.177458592554685
-0.4664195062047668
0.781973506266478
-0.7165546887365012
0.4244353415869564
0.07152711803108193
-0.983049433191961
4.681831028576209
0.8962530144516654
1.6819686640610942
-0.0980785188483962
-4.882502407320006
-1.0122254429403508
1.1869293978669668
-0.6154034768591605
-1.5884165860462387
0.715078527556934
-0.07443417561269182
-1.0055420879136072
-0.24963061088493893
0.8289797529647532
-0.5491401544473625
0.78414570911499
-1.2936451907522957
1.2122769892271654
-1.7608743059641612
-0.172718546003224
-1.2161812801766896
1.0939549387035772
0.985392906054541
0.7935340736305168
-0.10145211196392448
-1.2696135630390608
-0.430330262358361
0.569637702684761
-2.8302793922682916
-0.26441662004731253
-0.1527237719479329
0.18606940895235324
-0.45372685005571656
0.1209522530093477
0.896153269178895
-1.79457111063159
-0.18020426854996846
1.4962841304284884
-0.773839141013524
-0.7415659318543506
-0.939534653445265
0.38344770822157037
-1.081978808313787
0.1440474251411239
0.6359852023226987
-1.2701591225286974
0.24588949845703503
-0.3524810292114967
-0.836306898239464
-0.7318294840646575
-0.4653263734238149
1.3483051648980047
-0.44929631909116485
0.06415800270016345
0.19085990215654708
9.729163664951269
-0.45721338177938453
1.083965768085102
2.250535303345558
-1.2169589239242136
0.34978551744867803
-1.1276462925062747
-0.46668744642938326
0.02896363574511962
0.13963991921217178
-1.156978095833007
0.8004122418903475
-0.05861122657583494
-0.5646068951973114
-0.15378808086722293
0.5295142567675348
-1.6569573320795743
1.2283634957766973
1.4116625704000247
-0.5765514365207818
2.1810446167584505
1.2269108028481412
-0.8367281419222377
-1.0462297953445234
-0.7727592520933596
-0.2599678538248615
-0.5471787660043685
3.361446247097322
-1.5133940183031889
0.956312391853403
-0.9427490725682321
-0.4404949568850439
-1.5732827137346455
0.5116272012279839
0.8132081342252949
-0.6658267420066428
0.2745280955193542
0.18068023872365957
-0.9495866164177365
0.3274011775555137
-2.0564905163090126
-0.35870202736278645
1.4131105386417075
0.1834846691706079
1.0038021917214826
-0.7336850051813069
0.685148768681836
0.43355065596025083
0.3946228907333658
-1.6429756098268167
1.6861538647861392
2.8742845905486933
-0.9648417075719458
-3.475737808054836
-2.394841168290637
0.2969783997235215
-0.9331342234009051
1.0148490469535378
0.08126717461334063
-0.08889218127484881
-0.3013801875694491
0.772813561550871
1.1422498938230055
1.5469537927956507
0.42325743801226673
-0.8491326584420427
0.22424219176315588
-1.4742744722191579
0.6386214343363832
1.0255114653968092
-0.029374850502985477
0.3064587438812587
0.11793832311650776
-1.1084678317907413
0.6792444790704585
-0.7065438420856359
-0.4080811313289391
0.6925040080083033
0.5060923808804187
-0.38225453690900996
0.7867414042473823
-0.3109637051361391
0.6073631875037061
0.43015168426827566
0.2418044974244093
2.381652359395137
-1.775904567427895
1.1869876599562603
1.699142727094435
0.17763909311313072
-1.1824693574046496
-0.7943318327008744
-0.8433704216599078
0.3375162601531704
-3.024906172600794
0.6334583471257359
0.9837837038377099
-0.6773489646522548
0.8464399753820507
0.20977725842851597
2.07783079378501
0.5469508296525872
2.206550626560142
-0.37683662591515643
-1.326389391367676
0.6547633977395291
0.7082867513086164
1.06449927111035
-0.8570538177168683
0.8542437440102277
0.3053706891708627
-1.1356241781772138
0.10259792641733773
-0.005549177283094273
0.9297896708948893
0.08603845452418343
4.771719534496347
-0.38447907527617997
-0.4987261123091006
-1.4900280102572105
1.155190590652681
0.6044804656004968
-0.24890662863895274
0.9043875874882346
2.9433421059814098
0.6352815468577091
0.06505141350642213
1.0277381112128499
0.39943961779375364
