0.881374334685298
1.8247496967634305
-2.022003382953597
-0.006935658816175444
2.4562758161550526
-1.1229791676483574
-0.04945530355188064
-0.3335140381991563
-0.3369113955083912
0.09531518150647499
-0.005666573556853303
1.4749448089497497
-1.1101321400969826
-0.7232843691438182
1.626329231201254
0.7151492051988231
-0.4110232113474633
-0.8844382710201448
-1.0617870202047672
-0.1906926868198045
-0.9760724316276168
-0.9916521782299725
-0.1023036188607598
0.797267666707995
-1.3955422488680895
0.8500852391312783
-0.09153492122046283
-0.004984833301732999
-1.0205687651918551
0.855477768206047
0.7550292026142922
1.0159493400072046
-1.0010210828999597
-1.4215184828297998
0.49968533155187095
-0.027083030854900478
-0.06659862188431467
7.101102672398399
-0.38387966375882754
0.11970501947174965
-1.6863705394304482
-1.047857271284625
1.7441618927053442
1.0016211796349859
0.5358024359737013
-0.9528895186964819
1.3635151073396208
-0.7228083644273783
-0.3648287727625409
-1.1469283889099917
-0.12886241016745129
0.1820580578973809
-1.171357366876131
0.01006263064742666
0.06453333391782401
1.047040542521292
-3.06144370761961
-0.06095408873507312
-0.9437148387135383
-0.831649914276149
-0.8928522312946606
0.022596284576815773
0.02221338177969437
0.7557001772742467
-0.8014268272589885
-0.24069472806278047
-0.004489103790802959
0.5639646419945287
-1.2365005839017291
0.12499015107551015
2.4132855400928093
0.7176204070167778
-1.005698899985964
0.17092180465220386
-0.20380477656360338
-0.10608171524057838
1.2647357370686274
-0.8278362383984638
2.2300879085738785
-0.10097842021003614
-0.7754950065557251
-0.9040939099540949
0.3775349725657344
0.897385910026661
0.025340621571795313
0.006734028711181041
0.8473411776913209
-1.2515979679753546
-0.09613018250181293
0.9302444146398444
-0.6184714188393352
0.06205610947487892
-1.145882734639179
-0.9612268653198224
-0.005179036046571692
0.9444387331134517
0.7525445991659389
-0.5131101634788277
-0.06731465362628312
-0.6958412458436222
2.518246465814065
-3.0964221031255046
-0.013223030122939843
1.8403440992720776
-0.49767078853592467
1.4420394727322745
-0.37744435949940874
0.8285137280588535
0.9500209187881269
2.241088586905673
-0.15874558663440866
-2.6716396109366625
-0.6129301665203173
1.1448215472518795
-0.9156333530622592
-0.1824754400994552
-0.12103271659156131
-1.2383118987743873
-0.2866488815420185
-0.5839356837960505
1.145704648366522
-1.0407590996702378
1.264869793922952
0.014500344165739818
-0.2301478188811944
0.8230793098659194
0.1352085499013429
-1.8002183493160469
-0.5571114163652777
-0.547550767087944
0.22106947696421503
0.0008871255337286263
-0.19027228851779815
-0.7490162676224934
0.9118534686095021
0.014187619665306215
-1.0951647125629398
-0.907725859240455
-0.1117766687332034
0.07156402426035711
-0.10476991570361861
0.9355151602213578
0.8090873372262226
-1.482105559947905
-0.9529519993491616
-0.9553468972966026
0.9206054566447643
-1.0339170916132134
0.9039878843330634
0.1315516436363539
0.08881356918953939
1.6486663218246584
0.202139289279239
-0.3308602896888816
-0.13277706712048165
0.37149327518671965
0.08994210611625084
0.4021043880899333
0.3812140989624199
0.0741096659236079
-0.6116484345002621
0.4921484242862821
-0.8884107415288691
-0.09459461191971537
-0.6466539448572332
1.1420594163040454
0.7777313224465063
-0.5254869698746044
-0.9957787641431374
0.06066939627067016
-0.004653967315484883
-0.37980928864316005
1.089343777474291
-0.6325973146180315
-0.7498692242068346
-0.024581076674673637
-0.09311055031616791
0.7005088925498923
0.703274764627646
-0.9616656225680812
0.07078804544529105
-0.08742407230947043
1.0950440864646993
-1.3996425727325774
-0.01915570595172185
0.6985312451242046
-0.8594137123563423
0.024929409873375264
1.3435933724223241
1.0283068991943414
0.9911568294438983
-0.04739533979326595
-0.29482048895055574
0.7526949671717271
1.5043235741766279
1.223094675455897
0.28824889960604955
0.7333432985896392
0.9518107341112559
1.8169664113825865
-0.27558285527418114
0.4904413907686439
-0.9911192695311426
-0.5389997118819301
-1.1726939073720146
-0.18025576786531028
-0.06868864295129441
-1.0018176905675302
3.8502657379102474
0.8662046915052692
-0.13234608171458712
0.07995875233185254
-1.1333432169397861
-0.03309893522074912
0.005993067598671669
-1.1322084383448692
0.0005051690720106379
0.2445380876805211
0.32366501452448954
1.1334587021020475
-0.0927090416974067
0.09062901122939526
-0.16262265267380382
0.1993886852220603
0.002967819908025503
-0.9577857567685699
0.6636042194479322
0.3992684294914114
-1.170369179203459
-0.1098422062815411
-0.6768406021223421
-0.4914931163397375
1.0053436620696479
-2.103860873311584
-0.7685535128126467
0.9241957447240664
-1.0197982186125185
-0.1549647885310898
-0.5845940626662057
0.18920901863452638
0.30072848539940333
-0.8742621078743186
1.1600729286114677
1.0404683455261625
-1.0737516606183217
0.13975320945876257
1.4064956518020595
-0.024952170393375495
1.0650886077020585
-1.060857106806228
0.3320940431046261
-0.014108256267485339
1.3096942427702065
-1.0007479849506604
-0.4724377681335844
-1.0475924976573978
0.02189869500776478
-0.8065891390185692
0.8500927811020826
-0.8619664556537423
0.16170114174930944
0.00444875480247061
0.946102720573849
-0.07485504449151187
0.32357015561399916
