-10.536052886659165
-0.9050390391276044
-0.07347728463082491
-0.6380050046675194
-4.603981127619163
-0.06146499435112132
0.9081548048321262
-0.6026228305961476
0.335837928675443
0.7502813071409817
0.028224004076587803
-0.45217963491043567
0.9247308010442402
3.742803931967271
0.06911124201264096
1.0432725622443288
-0.823084019858031
-0.21063546663609756
-1.1713470290343755
-0.8089072083913069
-0.013047549770923261
-0.8792937075457515
-2.1814651982879285
-1.1374222371858755
-1.4080689880533992
-0.040269188381202164
2.5893142871205317
0.9758556890617643
-1.6348472155959528
0.20204738215602439
-0.20464114087607793
0.496881867274244
0.7542853259242402
0.5591372124531199
-0.08608636206794212
0.7366868746408836
0.8505706807393189
0.5642674081742203
-2.0511405877908326
-2.6898540596459646
0.238781633086906
-0.3733959469752921
-0.3419079036764883
-0.1729243561563474
1.7106355021025161
-0.7203252837372279
0.4317912836142336
-0.4372820890117794
1.0869136971720812
-1.3009933950421513
0.7538914606872686
0.1257058363557012
-1.797213104124022
0.3435880329679945
-0.9586357712034115
-1.966637284073301
1.9371425072163915
2.499657774585391
1.062730363293993
0.391954534963575
1.0198828726767248
0.2708347626339151
-0.7258237419470202
-0.18599459610158459
-0.1275540386202796
0.020856722111911287
-2.545400092444799
2.4082404005735882
1.4992353662264712
-0.8654816365462581
-0.020786512412265576
0.3185382226076349
1.6618443201966484
-0.04648235426597988
-0.5010469393636062
0.8735095423516339
-0.055578020180445775
0.08641849681311367
-0.44541632946587917
-0.4492617509605828
-1.1254913658719548
0.3130602397979563
0.5108004810541623
1.060626309239943
-1.311559647371411
-0.4810648551982087
-1.9615321318793637
-13.790803658331974
2.6707726911631875
-2.4157230245551355
-0.6656507528529332
1.1695656738510367
0.18642939592704946
0.6217188473882921
-0.8775674053340594
-5.078254687927563
-1.4173050558409666
0.9605840332459715
-1.5784879019670033
-0.16111572981215583
0.16302330849644134
-0.10658944788022824
1.924324837780572
-0.9388730685375724
0.8418410398730485
5.883630301374209
-0.5818128307854205
-4.962676898052986
0.7064797157619072
0.5786819296970485
-0.47722156425838924
-0.9343952979924706
-0.7769519012318588
1.4157016594718261
1.2483927667707757
1.3056794196116128
1.1367046609244587
-1.3171516582425038
0.9408791794930335
1.807619432562365
-0.21050583908177117
4.452635792888316
-5.358972555998051
-0.6653547463044047
0.23304508922785627
-1.2888426664300543
-0.4828966867130997
-0.23488481263461952
-0.6109507071086635
1.5636571724069723
-0.4134607957316584
0.7321204749778443
3.544702660983469
1.2545480131965103
-0.029271669032491142
1.4655551922016397
0.7079980959098053
-3.0359193291300377
-1.6880528674162465
0.130735478548969
0.3917463865869359
0.4483232675924753
-1.128497871081586
1.3032931960769687
-0.5826883909641507
0.058792645567787266
-0.19119187386951225
0.6491275129256413
2.2790555594772886
-0.6608638277676813
1.1048623405717242
-1.4356929809014636
0.9492475780458485
-0.0052345395599472724
-1.52799276483726
-1.896426249588566
-1.052834047564615
6.0012086608231465
-0.1323400769087743
0.2159893128890336
0.27964232145607215
-0.057960106354641334
0.4939906576606074
11.833262090713724
-1.419719007848393
-0.11953202738907046
0.8607448041090471
-1.0444942432747546
2.901967829865956
-0.7382645994629268
0.3480424299319468
-0.06768220156018367
-0.4927255227708838
1.424866041900327
-0.12080286268320578
0.708774953819743
8.913891048734039
-0.8680900621863594
-1.0145956874156628
0.6540449644779696
-0.2720944983605277
-0.12966103284424083
-0.09109325397768508
0.8914005644528328
1.4070434090829491
-0.20006175434499907
0.4767177163284878
1.058258959994878
-0.014477755436957979
1.3335405738333321
2.040691007037305
0.07822410482755174
-0.6104722723038365
1.0224927200821896
0.3717094773214905
0.1007782841893752
1.3752181648023458
-0.7977260542170153
-0.6143586746432737
4.470522336493858
-1.92010149241578
1.9289013092374994
-0.06497733533709332
0.863956980934626
-1.8052836358672313
-9.102067108919861
-2.080618867749968
-0.5174380918667991
-0.33640684742837546
1.3367829945974092
-0.3560978059775435
-0.34306599377328895
0.9743022690730703
9.016666863534878
-2.190782910444091
-1.0695421016299322
1.334314884320184
0.3312472076179204
-0.10901599140362939
-1.283187043868791
-0.36953312715799425
-0.38383299606086724
0.6033735071086261
0.6405852622226195
0.3754524475838087
-1.5471297605328374
1.7173008040660116
-0.6760562806422887
-0.816168242142892
-0.3959587338277396
-3.659387080226966
0.5194215480138532
-1.2988529931393256
0.5106584416714887
-0.23731395409186623
1.4793319225099029
0.3439624417402317
-0.1512368287767445
-0.08546655557186124
0.1578451843837865
-2.5760137095457907
-0.055093750176616815
-0.6031327280351975
0.6058449276628147
-0.30974164689776
1.9846575600872656
-0.8014935616636958
-0.5703839517760649
4.837138095023508e-05
0.44665092999965994
0.780308271582816
1.0813156888703828
-0.7255551664789427
1.2503175570566873
-1.6845141726945967
1.185890731550201
0.020896020571297993
1.7695807149074976
0.8104729541636397
0.010206034414795156
-0.43654955809896395
-2.126104001424887
-3.3886435296244573
-0.28476511609998345
0.7589677644620667
