-0.1477945900611778
0.08868771047254354
-1.4258837426938464
-0.6624998787630942
-0.0472493935158439
-2.093567081118931
1.6495169035142134
-0.030039758707335402
-1.094355590108383
-0.49728849799146563
-0.1771833539451308
-0.15603327952829785
0.40826726674876945
-0.6305523677176974
2.0654698445788915
0.9755505355701786
-0.02633077359946398
-11.092794378830558
0.3898219858460594
0.3603492081380625
-1.0008279795405226
0.1815422624678792
-1.124555200611911
-1.025223491754852
-0.013781293076894477
-0.19208794182156236
0.3603127045994467
-1.0015357016817175
-0.07444120128790274
0.38657850608443417
-1.6489049059151824
0.8159337807602789
0.05222306806112098
-0.06896061760419378
-0.792292876494889
1.2519591186953074
-0.07284089920326323
-1.21469346431549
-0.7849212288333799
0.5394592838843926
-1.5588292839869957
-1.282032113963986
-0.9357932712309397
0.31283888484194006
0.619875913566424
-0.7408322865419783
1.2414747122108576
-0.6567204799950629
0.1039719904900753
0.7598823101889728
1.1268155225791157
0.23485183861085557
-1.8566171790325283
1.240877007638981
-0.33492155997450557
0.43143123295995117
0.04913099251086723
0.7888174417898638
-0.1119860005459984
-0.7716653007669355
-0.505349898051603
0.44832334488221015
-0.2987479626649266
0.5725963983680445
0.2076674426682559
-4.09598670829998
-0.3672634073929096
-1.018807675709036
-1.6686721040681982
-1.4684327635599692
-0.37410820471001344
-0.13152325195522577
0.29514959842529365
-0.018187139641548306
-0.5050764017160969
-0.8701971235420971
-1.6085556367761435
-1.3171384876867427
-0.9806806405845852
1.097685949360694
-4.791428470776186
0.29855822414901245
-0.11427965146038405
-3.4693620724315037
0.818101508996694
0.19446409795933597
2.445603215657453
1.2412913950384252
0.2518513118612605
0.8363509417254817
-0.12244167466695366
0.6612633032951817
0.3666064590480135
-2.778005137632028
-1.443089995547659
0.05230859124469556
-1.5444900353552562
0.19429967447578253
1.0180167301311052
0.1683450180367934
-1.10524484508542
0.7543531424900801
-1.505609911368704
-1.110255180400164
-0.49974727734482866
0.9810413883484596
-1.0629590574846994
-0.29083447518708305
-0.4418695799253401
-0.6606571670069268
-3.472707794237979
0.357764116279342
1.7142671336234552
-2.037241070303888
-1.2634585244844123
0.46913164972492305
-0.8504220297766316
-0.10167795854873252
0.4825097392269412
-1.1936329544599553
-0.5029472746306537
0.499476135697302
0.0006331118273292802
0.5484303621102001
-0.4819474622133609
1.211293565844615
-0.14511070185263178
-0.050190089575998915
-0.6993469806801617
0.49895435401233956
1.9097571925392172
-0.3600083092778371
0.9738270196324135
0.6081554166205492
0.8228363737564895
0.45511218378572216
-0.03880122300284888
0.2290016205202758
1.1151967931179094
0.3414637399124174
1.2450150237874749
-0.39337270939688096
-1.0410750238749762
-1.984726487623535
0.2178186369699971
-1.184202085540225
-0.4170284121576694
-0.5041569655801795
1.8062570784300154
-0.2545938653009929
0.5348482841376626
-0.6207718177834969
0.2029705753821519
0.8830585686644935
-0.021529557599482316
0.5298631777597088
-0.482053146692901
-0.8893954939488554
-0.027860172977415113
-0.7465047623300387
1.083004663823281
-0.755235158781719
0.7395730562938364
-1.453413158933534
-0.04460585443629871
0.5250944424976752
-0.21508369851821024
-0.12237223958101762
1.5700431335789418
2.131879433161205
-0.21725561426157436
0.10451062872614315
0.15266066046824467
1.0548103138602802
1.8030755646172683
0.06243985011546253
-0.06263402025197237
-0.0908420292222811
-1.4221018753177943
0.11788853032608138
0.01866065041160274
2.6402921866261644
-1.1790005333171174
3.8913492769527855
0.04306610830084778
0.6879259470553014
-0.8567494210551788
1.6142465741392469
-1.1341725905164783
0.3197912857436589
-1.0254761552021772
-0.41991652026426407
1.395677690376648
-0.011283502134675688
-1.0221498219815213
-3.408330859773897
-1.8145338009259282
1.1187692593695489
-1.1933665432063378
-0.41851341275118426
1.1709843004289808
-0.8267579423576673
-2.5311099635329515
-0.9397744382774147
-0.7352821296178792
-0.507366780465816
-0.7722027627315682
-0.6681537055200801
4.0444850651719895
-0.4730476856856192
-0.8668576397165294
-0.2405674428957503
0.8823380654215316
-0.946305842730376
-0.9437369248818579
0.019792040068638522
0.07796484773549327
-0.15879483566892433
-0.3167895730498105
-0.6573086480373874
-0.12499185133303925
1.2878392999089063
-0.49276500825860003
1.1299994898064452
0.058514014493937005
-0.16802896284783803
-0.25333566024984994
0.3931417491518379
0.6430312798256895
0.4014294723784249
0.2421442027561641
1.0927659106190373
0.8376472466088626
3.636799812859868
-0.6704302562241816
0.4508858435338986
-1.0209109405317371
-1.0159585183589623
1.0728148338638204
-0.8988729144947183
1.0247454504856346
0.4359773164337509
-0.8421779260853981
-1.1225261944723797
-0.7570526715255853
1.5270611856788407
-0.9057657758118585
-0.6143125201285773
-0.37608808372111746
0.8809227161801532
-0.5805099242482676
0.15390715880447367
-0.9713914084508042
-1.9470129952668214
0.41965063267405145
-0.13152887609079558
1.927770352893283
1.1149817014289123
0.8595855403337326
-0.6022282896678721
0.5944792801153193
2.907225203673481
-0.38962927498378347
1.1733484474308515
-0.2656770168477475
