-0.48218226959473715
0.030926342359253955
0.045510355978129274
-1.9412751078224335
-0.6002121735054963
0.4593951885194344
0.47776233490217423
-0.08933034802266057
0.028680785956838192
-2.124496246675534
-0.2808862636055763
0.6926874195427782
-0.631062176997937
0.7986008421800053
0.8358618300890064
0.267057470880451
-1.170988496817036
-1.0098741302349552
0.5140465819342452
-0.37520375159359665
-0.6422319489716974
-0.43592636542369917
0.5098063575560343
-1.0072067540608358
0.11193989562040582
-1.9790277445695816
-0.6600279843813239
0.10748124403384095
1.0287928273669245
0.6008836421458627
-0.8853444357009012
0.6252210018576586
0.6364364873109795
0.5746014093633292
-0.931187819638707
0.10616899234307303
-0.3530439651296486
-0.8682447857666622
-0.8785957591614444
0.1497135421583719
-0.006606751827045607
-1.2591713371424915
-0.2677039875220469
-1.7808326125941185
0.019564142919680262
0.5285868127910314
1.8739677189040211
0.08630216045776193
-0.7203254400310195
-0.08907434555449747
-0.5550441007116059
0.9943839880590466
-0.5989559901980623
0.38613352973767384
0.5053610336497442
-0.15667756440971087
-1.05790060049311
-0.18716042009968167
2.283038161756771
0.39668734551898116
0.10755448308597855
0.6477343142401432
0.9382263831107802
-1.2444805093635416
0.6314391186893414
0.4679776840427299
0.4744702511883172
1.5824949231977101
0.25878907938765067
-0.17134911922248286
-0.19540994074258897
-0.5108477667489707
0.8271819520653376
0.1071397391839205
-0.17567719172891094
-1.0436417418554003
-0.2574551937566933
-0.20641794981641098
-0.27322010299261756
-0.29722375128442763
1.1806953837159961
0.2163187471169666
-0.11214487428095905
0.7414868272335049
-0.8267786317524335
0.7960416936137129
-0.2568410432968829
1.09852972735188
0.5148079591118558
-2.4145852164692485
0.21270013249547565
0.26089917313506594
-0.01138161078265328
-0.21770846282362222
-0.5762859145404251
0.19301429845214946
-0.9731967208860964
0.13544310271574003
-0.583045852518513
-0.693426462223409
-0.0021178411876434677
-1.25591169161823
-0.13258257592703396
0.6728909021917998
0.3082783288205524
1.0811614539129242
0.7927266652962995
-1.6065346862611427
0.6280329541940832
-0.5832673851847942
0.2418401817546083
-0.6539756235965484
2.95436934564364
2.261521287904472
0.5600717368448065
-0.601418585714828
0.3002954592029786
-0.1597960341972967
0.33679830163638114
0.12097799691872246
-0.24759927571321855
1.0028256388731744
1.1318513242635568
0.726809271465375
-0.4219220752464845
-0.48224212511275844
-0.47594796126223526
1.2597682870517735
-0.08399880102355176
-0.2659525188680137
3.6410898247324797
-8.111039848210925
0.6431724532035407
0.24813286226197745
-0.6552711338306019
-0.07351196933596284
-1.6593861349271157
-0.27804847614120887
0.6437018644714054
-0.6529872478903297
0.00972017924291247
0.9652867369369056
-0.6557653913093622
-1.8004670314750058
-0.6252116854820025
0.5430838700182329
0.33989303470430765
0.5987773295937763
-0.2988026568208707
-0.2451606016600884
0.37620557435451485
-0.4895819309120112
-0.9662236924971256
-0.3852106697442249
-0.8188831074127019
-0.08266021887260934
1.1570772167924144
0.5351502080289143
2.2313949791937384
-0.3482438342414137
-0.6940880894112101
0.09559411852137414
-0.15400856937028634
-0.5418312447675879
0.44974073995547764
0.40878014935038043
0.5481234387861665
-0.4748385915776045
-0.577505347192486
0.04139050943890878
0.10161826162084714
-0.16613000687442203
-0.11415238127015588
-0.6820734771395704
0.5005732702894377
1.1173754052527989
0.4918047571281129
-0.1257651457788294
0.11532482632827248
-0.7883901019617907
0.011227928810118314
-1.245242424286966
-1.952893977599446
0.29805259408122853
-1.36211631686577
-0.8937898574785895
-2.21672530000702
0.33966778151045757
0.14872324175738633
-0.2787654506087297
-0.12388865906556157
1.9460709228639108
0.8012422929264893
0.7958463334754927
-0.06599981302093949
-0.03660783773036577
-0.7058148133713704
-0.3440693025473792
-0.09742714011456778
-0.6230739665730659
0.013517444263123918
1.1474745274070115
0.3334686239184146
0.3487206883538343
1.578430890472101
-0.24652597358311695
-0.40951674387101256
0.6597414709593119
-0.5046690117406453
0.7200000446362192
-0.9714230944056653
0.5758035134399337
0.1284830602634901
-0.3166338333954351
-0.13462305684946343
-2.871008075320381
0.7456360281836575
0.6458328088469477
1.8415403588101444
-0.3151357743872589
0.28261954363413183
-0.12006727545817075
0.48063967773730143
0.8403588253122889
-0.7064038336943619
-0.5252067768093299
-0.292833233315665
0.332567541730846
1.2118330545784444
0.3437454950619235
0.05082689743187859
-1.2043569113273898
-0.7572792643574907
0.3597056138446876
0.6674002624948571
-0.16782590243688875
-0.6374078577003167
0.2899039362579348
0.8511616200609579
1.2874990939687116
-0.9610913292712004
-0.06774778091191792
-0.9029904440358796
0.5519837847011372
-0.32885870906584425
0.7159446977782289
-0.6587108938767896
-0.16566207252260168
0.4303770734336536
0.6821208425700114
-0.29963058393539127
-0.28365311379632774
0.11496985428658613
0.4687998757642542
0.786882854264804
0.8524427152322702
-0.29603081010124654
0.11802114995318295
0.32390455090405834
0.6106247010509865
1.6642016739660235
-0.5070159050534774
-0.5570291358716315
0.2299138664774688
0.5307069555324376
