-1.0
0.18115510811878627
-0.09058714432081838
1.0
-0.2512028155645546
1.0
0.0
0.0
0.0
-1.0
0.0
0.341021021767648
-1.2913790912175083
0.0
-0.23951746432381127
-1.8985866675671823
0.0
-0.10297284134800948
0.0
1.0
-0.9999999999999996
-1.0
3.7560182877881605
-1.0
0.6524951426340746
-0.21863732377436507
0.0
-0.9343188550697055
-0.12884955949061744
0.35323372917138873
0.10902918129789181
0.23223687356880066
-0.6528688511118552
0.0
-1.0
-0.549496077610576
-0.27190226098080117
0.27972055641462207
0.0
0.0
0.6890300418746041
-1.0
0.2481072132816387
0.5082820721218755
-0.08105185420159497
1.0
-1.0
1.0
-0.9850154417917798
-0.5615566584254508
-0.08697349200045595
1.0
0.0
-1.0
1.0
-1.0
0.0
1.0
1.0
1.031415867223736
-0.1973654661027743
0.0
0.46130543307398897
-0.3944411704412835
2.4327381948525395
-0.03557541736083252
-0.9999999999999999
-0.24335339599865446
-1.0460826041646953
0.0
0.4065126960084111
1.5759819088322482
2.3212544206761057
1.0
0.0
0.25934654379029476
0.07189281145237107
1.0
-0.4443495100380914
0.0
-0.5577077120134062
1.0
1.0
-0.5096778034276863
-0.12909750899907935
0.0
0.6911031118512558
-0.3001883410839055
-1.0
0.9851978199073533
-0.27211877851460103
-0.5377086330123237
0.8746180833395508
0.9999999999999996
0.0
-0.2350311666133259
0.7939138810992032
1.0
0.0
-1.0
-0.3206763848010653
4.116327625620601
1.0
1.0011540364869322
-0.9225476528446016
-0.417958194623742
-0.9999999999999999
-1.0
-0.4473708519410653
-0.35324885998351396
-0.09579760329967663
2.286739584138738
-0.9999999999999996
2.9204361899804847
0.0
0.9999999999999999
1.0
-0.9501456130118395
-1.0
-2.4309348623454317
-2.2262061635073107
-0.13648463047646295
0.9999999999999999
-1.6094600128520071
-0.40285019446314324
1.0
0.9999999999999999
-1.0
-0.4884070669430743
-0.4675580879141666
-0.9999999999999999
-1.0
-0.11428038100286295
1.0
-0.9999999999999998
0.0
0.18870185368166675
-0.4050289136549267
-1.0
0.0
1.0
-1.0
0.5381602889972682
-0.9999999999999999
0.0
1.0
-0.7150253924426357
1.0
-0.23908478091025592
1.2790736852493598
-0.47595219535018907
-3.2960793274990046
0.7047582620960986
-0.3796101324914549
0.9585204180392293
-0.10278926181198245
0.3847915119002486
0.6258408932457866
0.9999999999999999
1.0
-1.399216965063776
0.9999999999999999
0.7101391512092133
0.652334604590728
-0.6960405471391172
-1.0
-1.1043780361650184
-3.6118170680526642
-0.05227923463752105
1.0000000000000004
-1.2679223542089044
-0.055092868460899835
-0.9999999999999997
-1.0
0.8828377572539227
0.05325022007557968
-0.47030502694928017
0.9999999999999999
-1.4489633067337566
0.8055078605652489
-0.9999999999999998
0.05689506850129236
-1.0
1.0
0.6089966250165091
1.272300236494899
1.0
-0.5720680122979915
-1.0
0.0
0.0
-1.0928895684834148
-1.0
-1.0
1.0
-0.4042929977842953
0.0
-0.671362979050378
0.6795476987380031
0.0
0.0
0.08054963500172431
0.5615749465887652
-0.7461842963247911
-0.7727947010390758
-1.0
0.1719121984060224
0.5163090779803244
0.9046255569457586
1.628859527819055
1.0
0.0
0.9999999999999999
2.4371034560033493
-0.4577855817720775
0.0
1.0
-4.210639566846411
-1.0
-0.9999999999999998
-1.0
-1.3399812964846733
0.0783922105895886
0.0
-1.0
0.0
0.0
0.35295323904980397
-1.0
-2.5292467958658205
0.16211567653559966
0.3746456825760145
1.6102908297931897
-0.7577281995791898
-0.30226657891048403
1.0
-0.49605650115789335
0.0
-1.0
-1.0
-0.469835395604873
-0.6747930226322523
-0.9601883925262308
1.0
-0.49333236018107346
-1.0
1.8963146896980791
0.0
-0.9999999999999998
-0.28886487898578384
0.9977786225998905
1.0
1.4728432784614118
0.6893434788812411
0.17244527000410925
1.0
1.0001095934494773
0.13798761893266057
-1.0
1.0
-1.0
1.010944649440751
0.5268368020224993
-0.14631716305887188
1.088515159085352
