0.38280701735634687
-0.3953613496532208
-1.2758530287103886
0.3513076225525018
-0.06706498974494397
-0.3597149886517031
-1.9385786592414531
1.123817397176237
0.6671120134454506
0.5340363004109127
0.24117621299444203
-0.6462347405190432
0.0557314798940405
0.029988933548606225
-0.24923192602556746
0.04914053291768061
0.7390840803484596
0.5757770566034723
3.1222369465408324
0.26352180735258335
0.5183958233368423
2.091698745536181
1.515300337916628
0.305389732507997
1.2710296666573948
-0.6384989416051401
0.3742530787532572
0.10262553206231571
-0.7585842118901802
-0.5524151036625489
-0.22698570121519945
-0.24515304997667955
1.2859776029212158
-0.758247789564293
-2.9217981242984985
-0.2989123697213145
-1.0044511085157823
-0.5441071733875897
-1.2669653271885044
-0.00705813847574889
0.7692522431151974
0.6534396956448376
0.3094287815739881
-0.371890615799206
0.12382780099460866
0.4596512200232254
-0.00217509402689095
-0.7180714570919062
-0.19550381078222062
-0.9408830432197965
-0.75677241499565
0.13057335475875956
2.0596624022789487
-0.05119498981744881
0.49090883256507506
-6.199055114018232
-0.37452251549322546
1.266330999801753
0.2437743472655397
-0.1356755543616281
0.34610354930880505
-0.061459088972771525
-0.0976802082957418
-1.2928718032163353
1.7748686891443806
0.5998833981404229
0.35966785429214254
-1.8420027661563634
0.5596303646728337
0.10100904986696496
0.7078888925207256
-0.580946086246337
-0.9254095309603753
0.3976363615255883
1.078036301589868
-0.6405472652656216
-0.888627432965349
-1.0792862831057266
0.22791067250657834
-0.9492843393957597
-0.11767854616144634
-2.6160476115230127
-1.4711311031877405
0.16565625587259306
-0.6392219943011974
-0.1993491038891287
0.20796662769903332
0.4094682315064815
1.2877147229736436
-0.060417687512307534
-0.2092152402173452
-0.10091344701101748
-0.3352967268386745
0.1692431061834988
-1.3924562548515544
0.6413579422214627
0.1496187516113153
1.2196812559883095
0.24735045822441398
-0.7510680660827397
0.9017227605375168
-0.013860840442802398
0.2647147891890485
-0.146763382942456
-0.006947369849635079
0.15149992021030445
0.709164779131285
0.8247633786390897
-1.4720334440880198
-0.012076847853724842
-0.2541654934600794
2.603207570756068
-0.13181091620013788
-0.6717260996388793
0.6999014315233445
0.0173364906053651
0.32250037763276795
-0.9506290009271593
0.852310648164348
0.5731623344788697
0.8633538534021526
-0.49039719799729925
0.2320131481401897
-0.4757040610190756
0.4553889748980344
-0.6365593157813938
-0.15046296660368977
-0.5216905247676804
-0.5364292689064442
-0.36738989644559844
-0.5713010669599171
1.006550983492296
-0.4396703223163808
-1.3930735895454918
2.0329492045717794
-0.13675988434967987
-0.17456241855114513
-0.14345256949864355
0.34148150115334497
0.8247011517330185
-1.175620599123551
0.36998508873317154
-1.9573028031666104
-1.1210636306071133
-0.18777366504635204
-0.6146748559216287
-0.019676262268076138
-0.9821948281043795
2.710479516460515
-0.6786146011665479
-0.19834133667016918
0.7603180248375705
0.8200464441896383
-0.8754378753951482
-0.11853298584474681
-0.3516839628221669
-1.0363993821684028
-1.4927180193467962
-3.7298285510990516
-0.13641073095277972
0.6409589782801214
0.1011216850226873
-0.3129461571549546
-0.8968137134301424
-0.3229309656612064
2.0331620275005617
-0.4967348401402133
0.6916614778629592
-0.7204589153511837
0.27968989951343254
2.2801490558280784
0.562671436217238
1.3845611141609293
0.7175141833615336
0.9202861465327791
0.3592713657780203
-0.7251418685747569
0.13176979473862444
0.03588203900838205
-0.4571863204672378
1.8096828067927142
-0.5708328199506029
0.03652043082055423
0.3524022763413897
-0.3449725455486437
1.1495982353513734
0.6862934691506101
1.5928973342306056
0.8771368183350887
0.6312154343932518
0.356357969942078
-0.64857875636022
0.6318280713777285
-0.11440294530599313
0.46492186248718936
0.6808977852444575
-3.9474539826596713
0.8828067131690166
2.4264549234121637
1.1763152854492276
0.463106323577588
1.0112030072046339
-1.6284086464203475
-2.071373724582641
-1.0371589033676878
-0.10013287527346841
-0.2809369343201243
-0.6081134612201586
0.6533983759906986
0.6329759079569309
0.6451964702225301
0.7165897420420302
-0.06297281360682418
-0.9687990788807427
-0.7046403370966137
1.4194056614255453
-0.21993032101784232
-1.2655195636115661
4.166073712793559
-0.12337295214915528
-0.3142312466520504
-0.22783426484125266
2.1792039525477778
0.5661958904737165
0.06661310866301831
-1.423876746767823
-0.35405778979774644
0.2132598783287749
2.33648591640361
-1.034042213942532
0.04637133231853523
1.293206077306318
-0.0537452578993595
-0.569198826710105
0.9010544297727653
-1.3724723788538862
-0.6991923547992334
-0.5131638648966865
0.3396473415340156
0.4077704359106739
0.07337219731608885
-0.43913854490868615
0.7168530949467815
0.11344610074402944
-2.9191651742800486
-0.31794683830345866
0.3590078526919801
-0.31744742971247697
0.03337075308338477
0.9858293022895036
0.7265632428355864
0.9029551144368378
0.38687122611737657
-0.6033495304182863
0.5567500282169038
-1.2035736970209983
5.9021300398510075
-0.26755607740247556
-0.5482293291062269
-0.19461383344549596
0.6992763436594283
-0.7781486273045848
-0.7099310474629874
3.040052395446275
-0.258786464586082
