-0.2839068423725881
-3.48989760517247
0.3008508678641336
-2.25690000907821
-0.14390023886795228
-0.7373275109331177
-13.13874383121543
-5.627169998195261
-2.305073276627843
-1.8037930618923772
-2.07404276351838
-0.7242819261472753
-0.042320990575013255
-0.3186781258487561
2.7607204928141824
-0.6185650481636243
-8.298592234740859
-0.7339371723900714
-1.0741932829993661
0.2881812148628306
0.8450410005802058
-0.31360880117499096
2.7649547510846215
-0.6718285281772473
-0.9913300660095329
-0.5231102266224275
-0.23036630838842495
-0.2931945809241329
-0.7917301419325997
0.7411527955492386
-0.39353221890235884
0.9913934668135048
-0.15187282412097158
0.21430783930563918
-0.7816465152080208
0.6485428078377123
-0.7889278974685354
-0.167001417334837
-0.7402403130019252
-0.25618974945250444
-0.5484205040993607
-0.5881629376136098
-1.5202438059717467
0.017875677780614094
-0.3764928015997382
-1.7649014867625994
-1.087272354939835
5.319643731255283
-1.5336097201687624
1.6055724255863386
0.7305844918740602
0.11884717275150025
-1.3344960024276664
0.7191803888016632
0.095245432935447
-0.6569373852479582
0.011416084601220976
-0.5088826049924458
1.4442281979521991
0.2094739993235645
-0.6115516247197463
-0.16671265491365952
0.6740365643322113
-0.029419333801387507
1.8668000701491263
0.6945564409419454
0.6719049601300873
0.27807395051502176
-0.18249080216942626
0.3864580492219089
-0.37836708801124586
0.3126886391691475
0.21938474905507874
-1.6397973462494955
-0.8980835494701291
-4.523202139901148
0.047862009202447944
0.3551821465252091
-0.1851090005210367
-2.8242604941566496
0.4161670032601211
-1.042755025976831
0.6731368578307821
0.8260742780769796
0.07857326399871067
0.28967836676454806
-0.44632760637987595
-0.6463154876152378
0.8285888103107479
0.17775427261680918
0.17037785050468274
-4.707455844762977
0.9121248757997599
-0.632136150452629
0.6829431858105502
-0.039915691773065524
0.07893653486034247
0.6324303202742102
-0.057855968069801256
0.32909211033663743
1.2757993635509868
1.0554785906863395
0.16399830444570798
-0.8633211232457043
2.1376575009181416
1.631367747132726
1.535483423735529
1.0681402924586134
0.3666943572595686
0.5632872501534258
-1.4857843423902743
-1.603585966797613
0.5028570484875464
0.5242626037021005
-0.31819758054458247
-0.3684249479564695
-0.48594850650444604
0.7309965007995611
0.04632404762990145
1.6774366854677085
0.661790086272192
-0.8833949530280731
0.27014559222967627
0.6039191986763736
-0.21109651451746847
-0.43067560721910536
0.8483642555026792
0.03192624729852111
-1.2204001331062455
3.6899304323101205
-0.6414991113883062
2.4629678011378706
0.5218923017496581
0.42405605670371227
-0.5050082342976575
1.5670735865652767
0.16844730116678508
-0.484385152711192
-0.735620063711969
0.33518007872244
-0.8067799286152251
0.25884297871661854
-0.3986783744920012
0.12328669664604153
-0.6332694731284747
-0.43624308916917537
1.090317790284125
0.8850539653319581
0.8581286780324147
-2.3798971838520764
-1.288263126014779
-0.121308815221462
0.2755633533085724
-1.989301206315927
1.9191711004283998
0.7071745581310338
1.2580931134629534
-0.5881280287425844
-0.6935520504843956
0.24002768880186892
0.7857591968385784
-1.0424878195569336
-0.004061204724686842
0.7411790041869225
-1.3813623961941535
0.5168987614509248
1.6393094256600904
1.0250342941649564
0.2230585763240701
0.6164816294765922
-0.0601761131616862
2.116054277989414
-0.5832299498452282
0.656918418921526
0.1353330923043157
0.04582515189908583
-1.6846437202560276
-0.6921135063656867
-0.004594976214965673
-0.34285692480998864
0.01812855838564087
0.1483512713982877
-0.37119862043344515
-0.5860826141396475
-0.716851094761283
-1.0254165041636303
-0.25952882177615455
1.755358561361383
0.4270189721547498
-0.38476600740237177
0.8893094201052174
-0.5620375416211563
-0.4512147569939135
-1.4354701817955384
-1.0344023613033768
0.5762419424075397
-0.05138532045083169
0.8646171802666229
-0.7828235338792132
0.444087319970291
-0.5951100088266358
-0.238925592400084
-1.4281739287996686
1.177621329917635
-1.3939755047482854
1.1329795898820607
0.7317355216702685
-0.6497290883489214
0.5222176326715203
-0.0873868610459047
0.5128338206534805
-0.28652044350286215
0.04641337827324922
0.4277270950200933
0.06458001399281549
1.1341958455851464
0.18751909510138587
0.806819655947764
0.07052902777215414
0.1427292564903083
-1.3069978971855285
-1.2807317012909452
-1.2544713446560907
0.32512842137617215
0.6690640663828027
0.3411842224387324
1.6234772354551135
-0.6350862866378442
0.40619757255979555
1.6058738552196647
3.1662001570382636
-0.2525166753354158
4.047134784180977
-0.662479886377521
-0.9601459700074559
0.0649898858148863
-0.2959828110983272
0.4872378893975635
-0.23429721920718122
-1.1892263903528852
-0.6238642431803744
0.30406424108853036
-0.0701153077918224
-2.688636509123529
1.764214633852553
-0.37877582970909773
0.927677735576846
-0.2888988661878095
-0.2910111984934718
0.7658512237890692
-2.1689520712359367
0.7555425120134329
0.3762112552618478
0.3388628689661569
0.5010424026898697
3.539820416078671
0.6785616067018123
0.4499291476062477
0.5163459159805267
-0.24468838286569408
-0.5993173806997594
-0.24022208452971822
0.0893646255655647
-0.04020588972954204
1.3649837460077587
