0.16987437784073756
-0.8602635057875877
-0.6716036701351488
0.046230904157951974
0.31041607762879464
0.1479701226636266
1.0426500833714871
-0.05280315529179399
-0.1512984417645227
-1.112159203906394
0.7575206560563877
0.7584078488584095
0.14739923999382823
-0.1380450349305973
-0.3192416297712606
1.2816799682832138
1.76889258011573
0.3851334105654472
0.037816991801658255
1.7062581428507941
0.5894254950654331
0.7813431124158647
-0.5566993986583745
0.8149876449566242
1.3793455218526731
0.3934348055808006
-1.5539100390944474
-0.09484410768992521
-0.3871025607901255
0.11014115064286015
-0.597322043005301
1.7674651990017627
1.8851951078121645
0.5958998493164016
0.015491621236838844
-0.08637630588521722
-0.19445891159841538
-0.5747005835619796
1.1782671030329568
-0.12451189653061269
-0.358903324749392
0.827267839130079
-0.5979825517781747
1.0425036963577041
0.2225365720066872
0.22672219379808817
0.5556277597604181
-0.9496874542157865
0.6926633217174862
0.7972717246176911
0.10198295377655872
-0.4866997142385412
-0.5819506316457806
0.21911225518126443
-1.0353573925206319
-0.27838564330197285
-0.8589685878775617
0.8122307907505159
0.4715976044095834
-2.657001891606031
-0.060624771792990674
2.608931241233662
0.16685942550185218
0.8642277454029614
0.8027900413697668
0.5713218637646352
-0.3875341581271842
-0.3720153196341436
-0.68281050928643
0.9476886852893747
0.07839786171045457
0.9495758468514799
0.5814824340482361
0.7175632909217299
-0.09291544689378271
1.0779584103823865
-0.5943655103568215
-0.901770895569944
-0.47870912361271606
0.4765798383574277
-0.4792550390278689
0.9792304116201653
0.7452357525859352
0.8028944981999451
0.0937098334959991
0.46024867716869294
0.26909774773467854
-1.8203317261194718
-0.09988311629131047
1.8014969953502964
-0.5705813483439163
-0.3105565868736836
-0.4103274073041602
-0.9197803275442528
-1.7848993450471127
1.4957084225772885
0.7640620455622791
0.020215563956070853
-0.12406726275255575
2.400857821752524
1.271365941566477
-0.8680832139758452
-0.8485362974090661
0.20449935285917253
1.732269225336505
-0.6435134852192114
0.9127992102470923
0.14343484069015355
1.198517833568924
-0.4032228888490801
-0.8909022265195978
0.26764284037247266
-1.23361595349386
-0.6164474734306228
-3.606317321088588
-0.6230248516392033
-0.8324150712292365
-1.6995740490642695
-0.35553704927965996
0.26077219855789635
0.6495989088416091
-0.12173119871058725
0.014639231508858402
-1.5774746527909533
0.4766694907866496
0.5784576358522834
-1.8698604526775928
0.14204506928950497
0.6589876353644152
-0.35975135216274
-2.3829680082521465
0.28944194786251476
0.1102970547865943
-1.6447443687544019
-0.028305369556476685
0.48756324635965886
-0.5625400077871902
0.020486447293483655
1.103339966717093
0.25583103249017064
-0.406372805362475
1.5226074043135922
-1.4455437483104392
0.01901550610432519
-0.2633553461397448
-0.7427716880342601
-0.02898165287159607
-0.8662002321279328
-0.2548750108711736
-0.4338856859588903
0.9478162429176923
0.054763156335796224
0.08701678284985087
-3.2450381953973846
0.298077106959589
-0.07866321804270349
-0.05782695814729
-0.5132242388711903
1.0686670231234046
0.42497272144854253
-0.4200690186881982
-0.7052509895845238
0.608641408717672
-0.6251228159817841
0.04722782931345499
-0.5518856682624654
0.7292096061081341
0.1342358106465498
-0.7046342129970927
-1.5024126279831767
0.4971520392610321
-0.742201077411073
-0.3609501467378115
0.20316243980625254
0.2610286229520216
-0.044675044927113765
0.3097345444017344
0.8222794147214816
0.7750079291506758
-0.08556752538791187
0.6233384296734833
-0.4893784652278543
-0.35472067888339054
0.2438910601595931
-0.8781880503723292
-0.5920235776437187
1.6807742444848424
-0.9457066836495073
-0.19828024117062487
1.4210816694610355
-0.39743844254394994
1.1388260853829255
-1.936704744134984
1.3602427238327333
0.8517009425140486
-0.23253668528472582
-0.8511221290228341
0.7512906620582817
-1.4529975712296221
-0.4025421725806732
-0.23764873015097632
-0.6131747084859428
-0.05278809232212346
1.2870140460425539
-1.0500368967609512
0.5318051089442496
1.5043450803139526
-0.13082334008890456
-0.9803286811278034
-0.3922140847129651
-0.9948606029287412
-0.31352346785447205
-0.22396695261823252
0.7412845096043847
0.08964180474207836
0.452877347891693
-1.0371713340246937
0.31680654746920006
-0.6770165435811208
-0.4529319768280857
-0.6730050431859373
-0.7089036775429917
-0.15601358440895996
-0.12913498242201882
0.6145192762996596
0.44982800053481387
-3.3829180956962994
0.9968970486527596
0.24212160764843055
-1.851858580960582
0.11753953610169277
-0.0861808121687681
-0.02609595378034335
1.0696431572148835
-0.37642823951409377
-2.298580378657977
1.088502996176372
-0.953343986069748
0.2597444942610459
-0.20478778223736904
-0.8345010569272373
0.47292666432904756
0.192478409053767
0.6947646189914309
-0.838702063665975
-0.25911565788821317
-0.47846858399472114
0.2301113378948163
-0.8686471338515243
-0.29388030931019427
0.38693215314492396
-0.4690556736515813
-0.46064589707412834
-0.3347841447455511
-0.02718702183585172
-0.24097284289142523
-0.19379847924056404
0.2876402082069785
0.402854199445573
0.20356515485881116
0.2660738044552553
0.33843694363286814
1.0870216878259693
0.7595740645572762
0.20736905366045433
