-1.8575479999964792
-0.46540030821607853
0.22850341461616838
-0.09293367717072985
0.029686075508272326
0.6000678039989887
0.04408298982809032
2.284853170868106
0.32330682680704176
0.7345558077520291
-1.5413007070979403
1.0131160530287973
0.9656213395631559
0.16780563165761814
-0.7248308811273734
-0.53930051214855
1.1187789735856368
0.7109216539677888
-1.2777041121411703
2.766094686099955
0.7314027650994949
2.3024745941497744
-0.1740494135018263
0.2429599894584511
1.366150532922432
0.2523683142139612
2.425195179712478
0.4781534676922594
0.947831761455727
-1.8257377888645288
1.350933320793993
0.8953592477153389
-0.6575646258541044
0.8485077501606646
-0.5053039645235032
0.8589547937935087
0.6765188029898251
1.064451910391261
1.1192928641089748
1.1934515500738936
1.5362612261011925
-1.5214869180014168
1.49922610330909
-1.3641359296286146
1.119243106215765
0.43468803564857184
1.1626060696008496
-0.2116768609828222
-0.96180049939334
3.6583154179965813
-0.10069040558614577
-0.025470334886915913
-0.0021070016107886808
0.7516153138845194
1.1564091380939066
0.17333686820443084
1.1239059675090661
-1.1738457186349724
-1.1708732113891664
0.6857326528766269
1.4797981107120604
0.6963540275672149
0.7473543625850267
0.31423681978843376
-0.8664450296519519
-0.23403874328872132
0.07196422426546518
-0.08205632099577692
-0.7660502478454205
-1.0521794045215036
1.7613433752979017
-0.1415685821645758
-0.34492385814274606
1.4001507543010248
-2.7901020677274584
0.8385372028499052
2.840745821181146
1.2872669395219536
-0.21183948826567095
-1.515125310208281
0.9848322171077524
0.5653039674444129
-0.7465244867310037
-0.3895651949728407
0.19769051768518825
1.6193222282934603
0.8212814945104246
2.592483303764015
1.4755200599781368
-1.060810853158127
-0.6213392876595298
-2.1680646831608184
-3.3822182642150143
-0.32731610284596896
-0.012098935512844456
-0.17264920346921112
0.5661422672069779
-1.506123792385141
-2.390334220819268
0.5750297915641545
0.7281330048518176
0.28861898067685626
0.6147372015792865
0.08996552313040701
-1.2839298141767914
-1.0519309361848797
0.7215019579831344
-0.5247868692617058
-0.08183009995180363
1.6638200021252463
-0.4917716529471189
0.2641237262071896
0.602864372541043
-3.6024211495876988
0.31962761443776627
1.1192668008219329
-0.8836021547294932
1.184694482830966
-0.8530057516351918
-2.610491044582166
-0.5568372630199646
1.4569686226303742
0.2072357579926889
-1.812564691478956
-1.2898258046488094
1.0921266892276604
0.4554568615137365
0.3932657656166918
0.6670613478759809
-0.33981121567093564
-0.10447933510429919
-0.7170036853029471
0.482801088497536
1.8569576101593046
0.31494791437946246
-0.15412395251025188
0.9922511516827237
0.14797444833312678
-0.4814222455020285
0.02194035741160069
0.7830619856037687
0.20658065371619314
-0.7276315833984531
-0.1193152597725225
-1.5998033782875494
0.37223281667896085
0.8824039661237799
-1.965911333513149
-0.5148655396499912
-0.8882201179805074
-0.5299846765675515
-3.818134669213326
-0.6885712531921432
0.2918796048240235
2.1363395965867413
-1.0318716089830624
0.9091207752746744
1.2212777676515183
1.0339245221746625
0.6028400466997286
1.4059063675400925
-1.3257525834661423
-1.0586133885514017
-0.7091879142898904
0.03692120893973405
-0.37241559166532745
-0.4360950684075145
0.11507582334267968
1.2518949356063311
-0.9079901156863128
1.1821389079101188
-0.7309139951834598
0.5476862295359073
-0.027399853029661428
1.3976647513202314
1.1835663283696216
2.0979681697255823
1.6737931178341885
1.1909632304666773
1.0603936448233904
-1.8594544892873919
0.7807156732888102
-0.13125167127085674
0.17934547489866506
0.6081093682104077
1.2134696245102026
1.2031161102721704
-1.1336788935951203
1.8598229918334153
0.7448470295127338
-0.18459880054950645
0.08221353393333221
-1.4331029622726599
-0.24868633983158034
-1.3295561734643664
-2.4856001050805037
-1.2032290054715638
1.4603366228745196
-0.7359971834796746
-10.675289385654564
1.0586660804647623
-0.12224433094595427
-0.7687685540571616
0.9170237755090214
0.4695437692526112
-0.4315696742062325
0.6675044585541008
0.7509498409874562
-0.326130782957081
-0.800860020517924
-0.12592381950824846
-0.44412402419937924
-0.042582693170765504
-0.17579546530233267
2.402103465789304
-0.6169183248621136
2.5132678891295774
0.025709914301309533
0.17329074241754444
-1.0068957470146302
-0.9626818084667562
0.7474558502374341
-0.8586239924659509
0.032749182129830606
0.00809465974561319
0.700741701190539
-0.47016565032495555
0.7268867348859327
0.8495771589407274
-0.0012586786741933826
0.6912887718964513
-0.016985059414612924
-1.1568726823575106
1.0244832270032598
-0.02851651719797208
-0.8900893784628989
0.007688099982516124
0.6611721181180235
0.6617862803228987
0.8427342179278472
-1.0892999376860875
1.1532674225270203
-0.026682011140607385
0.514722151153721
-0.6518989749230171
1.2723055703850685
2.013448655175966
0.4301301177314014
0.2009063549589073
0.6460024469641904
-0.2258446536838395
-1.00104910260945
0.06460070047393374
0.9946186860215174
-4.776171130550871
0.5113274731849178
-0.21939813642500586
-0.12247028966243308
-0.7238412571128223
-2.0616187243204087
0.7895786276470711
0.043496639273724776
-0.3332900804476483
0.8110458836196197
-1.210597264499107
