0.07912286661796551
0.2268229969036022
1.4757632436785642
-8.177183289339688
1.1415572497780457
-0.4825082282631288
-3.1702193634501032
-2.4809994956810915
0.1852434629329778
-0.027463556566585452
-0.319678747502498
0.8987443263731537
0.43149853908248176
9.85547068921066
-4.060418720758726
0.8394380791916934
3.2298652517172846
0.7722390752144085
0.24669026289490392
0.5772739918667776
1.507191839185928
0.19471449352423514
-0.9684124066392537
-0.8077563881195458
0.3898878213515794
0.6872865531165288
-1.4256168288424789
0.5484555104347715
0.5187208577659794
1.670440931910427
-0.6414001876382378
2.516930645356302
-4.5458124139341844
0.15733881183922538
-0.7456385442913485
-0.2786507150156782
-0.588085743019349
-1.225405708886824
0.22296836484282076
2.6959500525486964
1.2039346682121637
0.6783951612358461
-1.2302098201285854
-0.3306702238724996
-2.2454109016474573
-0.14008088506786193
0.4912611251002199
0.39289140960407887
-0.09097454576906092
0.6380039974290713
-0.7884719508609929
-0.883577203936989
1.4470391997343257
0.3985414907312961
0.012156380926515407
-1.389500569724719
1.1788969940394605
-1.1285070691449137
0.9161249864988069
0.1763848565141536
0.07377620237001803
1.0750591192618089
0.4954048390687179
-0.46522097568412196
1.1425089719738306
-1.112979784514836
0.8924351393276545
-0.45712404534072804
-11.63126359778917
0.00400667892415485
0.28031459840288553
-2.394266563766618
-0.7802261373234691
0.8662405545326173
-0.5682127223909388
1.475502438847848
-0.9389831171153109
-0.4884754096559014
-8.451384744827726
4.838503924442634
0.5660901509626955
0.14041855640984602
0.9413468392569173
-0.7918346543709942
0.6851147434900727
2.0975204486470846
-3.1336777069197157
0.27549627312863345
-0.384614510105913
-0.08481371986772944
0.9406972139302312
0.1393683063976516
0.9801632513341545
-1.3879272994634726
4.337600260020532
0.040650060483448436
0.13691780458038583
0.09599289514019235
0.1821834887280373
-2.0008459776720366
-0.7529897819854696
-2.033163165060029
0.5793902693371323
-2.5660865755787388
2.5456130962594496
0.151463569583275
-0.16309581429852738
0.9287943277825261
1.198068528252748
1.338207014568478
-2.9158895915272645
1.3384944855084708
-0.23274093532964854
-0.44908372125393736
-2.839297224066396
-4.157297506333342
0.3735594989383396
1.4622672148185507
1.3093384217179576
-0.23725992050384243
-0.8477618911677424
-0.7280610194877273
0.7110980417786898
-0.7143531612730409
0.1772573053108464
-1.674476984488355
-0.2529048172491762
-0.1143848167920479
-0.9847540330097299
0.7755169009241449
-0.4197126980097241
26.344716751564796
-2.8599889934811413
1.0946952703565427
0.9550373418084375
-0.9750205338776892
-0.042425685867911254
4.284746596895452
-2.1151702516042388
-0.3045151594409732
-1.0699523666295045
-1.7921298319140473
-0.01891793613740897
2.024187658938966
-1.928338384877114
-2.23675282974116
-0.19646740464027054
0.1933160726969876
-2.55884459591668
-1.2646188950369575
0.11829090533527818
-1.2934990089486553
0.5255580731314549
0.891821681970611
1.6224716348163142
0.6830007066336594
-1.4346299170899122
1.5273540480479195
-0.9906694903394007
4.192029047430564
0.4073114772283179
0.38051297924252503
1.7089370171244398
-11.701415222289254
-3.1651780607872144
1.2208163093701274
-1.1067891866493198
-0.4004194722349428
-0.5982759664607276
1.1347133156729556
-15.700668326536642
1.937284181834557
0.8092526964946604
-0.5612471424284481
0.9706354114405021
-0.3015227671359866
-0.6419128158536966
-1.2773139797388535
-0.6076790168983467
1.5395522235851642
0.3603341553994127
-0.47462818805017387
-0.3003315615546784
-1.383794645289429
-0.13351663070726572
0.34907312773860827
-8.591659854447194
0.42699209636642477
-0.014086616123457534
-0.7002417440618226
-0.01864824310434625
-0.3648456357261384
2.6757020410865673
0.3667469259411782
4.155196269918071
0.15923448748755276
1.2188955237263444
-0.840042815811217
-0.4826723055021249
-0.9476041513802654
-0.29223178308778525
0.0557607125187419
-1.1331216216261877
-0.9900957900978059
-2.2606403768084333
0.549618312974502
0.14451856356441556
-0.3693289372001273
1.3334357114411266
2.1091809073050016
-0.9907098384665926
-0.13123615850309342
-0.2935341522808875
1.6416042350898694
-0.582263584754451
0.19687560821020247
0.8260705710494515
1.4657383714093593
-0.0998998252143875
0.2663503484216466
-0.12580903438681168
-1.1202193107432934
-1.0897387117420076
0.6388365233456902
1.0114912933938507
-1.1265636608754006
2.090278649205687
0.490408535409915
-0.7531719643524997
0.18060915586900367
1.7247717370468838
4.278883344926873
0.15642312981668993
0.5074543031074559
1.1695423323575096
0.004599146416797033
0.39358460977806126
0.09491667609521245
0.612575418950302
0.8508059301386619
1.5092058493953746
2.708570090167278
0.004083030602220174
0.8985656238799736
1.1569262826666697
2.771062033534925
0.1933301410881325
-1.225980020468026
0.5691748630482156
-3.898285968549491
-9.408101361650932
-0.4610766413817201
-0.44108269885665746
-0.611400274493234
0.49399064859714054
0.5902469130880215
0.2621224954960086
5.849156594139334
3.823780364678027
-1.762886582815359
1.1204997499919938
-0.21242271073411753
2.627624592832878
1.13867731632791
0.9740572773580933
