-2.6004731603146993
-0.48629201658032756
1.206485802285976
0.4536562108841543
0.07507662437185873
-1.452631930016244
0.07157568155168635
-0.07559859928001861
0.7373838697107683
0.02019487082763545
-1.3846311795567223
1.114587133957431
-0.5653748602203108
-0.2081611042256004
-0.024904699032589173
0.9089010084742384
1.2080854233773
-1.26985753197595
-0.7420470983194511
-0.09111838175286804
1.0826858427923451
0.027229030037313792
-0.06376727821758793
0.8666820401368865
0.07359650255096462
0.5488010312635064
0.7877194436453678
-0.4031311419654582
0.1334336793392759
0.11603204892091952
-1.5370862077903318
-0.009419783891686165
-0.44778387910351847
1.2342158320334136
0.5262611811063287
-0.5262132085487059
-0.022716980752210514
-0.18743812290043782
-0.9108976174837381
1.7599306468844287
-1.2172018558537168
-0.8180623917209976
0.37473889565634577
0.9265601642257127
0.34120267384656655
0.4004007833346088
-0.002987724570684013
-1.3070123854856726
0.2166780731259817
1.6083496690745889
-0.19933770614089846
0.011193515173893082
1.1141268785687855
1.1777869987320793
-0.0027711836984753505
-0.64318477296613
0.2301656493327856
0.6561283233283207
0.4770320439772099
0.4966398524426314
0.37466498890771815
0.43667140503809165
0.638145864658136
0.9228137667444826
-1.1038900089893575
-0.38717790145355246
1.592643391258268
1.3637394771403466
-0.8742244310758396
-0.040865351430911905
2.9036647187127342
2.3337105211316937
0.8461657529203713
0.5904923409948066
-0.6552069247176022
-0.9872671415218734
-0.792348690589703
-0.13877884805715235
-0.05967444470310761
-0.9910379801781632
-0.10599651484655429
0.19423045878115353
-1.0126038186403215
-0.8329792682772684
-1.0563221717756468
1.2362416479128528
0.8876746785132307
-1.075517153555711
0.7511062383835517
0.04985265457887246
0.19473824177739651
0.004078984241346336
0.8055559337769778
-0.09217669242679961
0.6540735539755452
-1.769066175752318
0.29595594485428567
-0.0781421702156449
1.3908443741106076
-1.4986908300772122
1.5002627384715475
0.006967087006327781
0.897725838850704
-0.5369580295255021
0.2090852791538212
0.5354783603478755
0.019184901179607798
1.8265653705497185
1.1703359930718995
-0.7283453379662851
-0.22566165602191018
-0.017810141318579196
-0.8443372263382755
-0.25015407920430754
-0.4121658777193574
-2.446126973004021
0.48770461207841564
-1.0455536128059437
-1.7710887888299938
0.8265488346984613
0.21433791268641308
-0.7626562534564021
-1.7516101712937713
1.3046519713825946
0.9670668079743009
0.12510258385280548
-0.05797396273651377
0.40967434261272023
-1.176045365860689
0.29105293062163107
1.3035958661041234
0.5397960495542699
0.12643420795992608
0.22075850818877726
-1.0885848933724143
0.08184694695555884
1.5507992275788665
0.11686488326731755
-0.04049857350772634
0.03681084803872689
-0.827080812720228
-0.08535952149324234
0.9277490144366095
-0.9573316173200167
-0.5642357348663631
1.7658835669333053
0.7846814264549615
0.38333928107722615
-0.11185977000262447
0.9913721038146948
0.3592700930130296
-0.8696971339469945
0.3097249233845991
0.8278914752117604
0.8475294711650596
0.9811738046013401
-1.0940974401213774
-0.534512762450611
1.593262022358458
0.9819236403832607
0.7998676598144657
0.10486788096348061
-0.47156538084101196
0.7441880505034635
-0.8061386117307189
-1.3748986882515937
1.2302443139970203
-0.6871517674824744
-0.7175275865892988
-1.5408649711314535
-0.9111441966584833
-0.002711351004121931
-0.9047316744211816
-0.4265967323670695
0.3348341236279718
0.7087031375774707
-2.538868306886808
-0.9868394986617265
-0.40763116801137084
0.24975032010045925
-0.6939655017591246
0.6064180849525418
0.9202827890732713
1.1064095267396352
-0.04817189863934458
-0.012791738493653816
0.18600898812529698
4.222467755615659
-0.07413352476252225
-0.06197282077005094
-0.6221932312354936
-0.07288194068208667
0.39184602789652867
0.01933399869105379
0.299665012045864
-1.094395264036752
0.7550876720519214
1.0990231661619139
0.8957046706227709
0.3637298510204418
-0.9430987588291285
-0.02262610476354807
2.1682379553664473
-1.1959643235697508
-0.7538881680681689
0.02528936933223365
-0.11509125446747141
-0.4625213298307822
-0.7222614914581515
0.3741981909986045
-1.8507753363235497
-0.8242201136452565
-0.4448841448219494
1.0524501322539321
-0.07599675491193647
1.0597639954631395
0.14624948367006407
1.1775140268366446
2.427349210933376
-0.46966259228804874
1.4389764187758005
0.2755531202507104
-0.20119179216269822
0.9970984944680595
1.2143003627718378
-0.12031650072052139
0.9359918051581596
0.9594696517164734
-0.4106521133546964
0.4541710671968194
-1.442908785884125
-0.6136176300278746
0.9951430014948693
-0.8406253398809793
-0.749692696334333
0.3624517459546286
-0.9348820986607956
0.2547010118307519
0.5598850211378874
-0.42637838358865765
0.02117729648364726
1.0388677051315804
-0.45769077254947316
-0.06896419771606391
0.9269532752766958
0.968122510663025
0.44187243657879616
-0.1905047408845118
0.8282549257256262
-0.9935313773504979
-0.7829081595344775
-0.5073195344408554
1.3138287832336897
0.7906501473841778
0.20411848514537045
-0.19868241302564704
-1.0600775804608613
-0.7644070021116929
-0.9167992856490617
0.052666442387753865
-0.9672566903988928
1.554670129934528
-0.06300510228910595
-0.25742953761773957
1.2183902714142691
