-1.2232975074474501
-0.40323494657962705
-1.226134875895967
2.3336612486167043
-0.5184118565363489
0.5758245430219824
-3.0003510664031188
-0.20959474757863283
0.12248217511457965
0.7657798960762079
0.3112431777188279
0.13484453170696376
-0.017007290112561968
0.4864824447849268
-1.0716182673662054
-0.3114746134250732
1.241384139861495
0.46462586688402596
9.974689844965166
1.9499763433111992
0.12609158080628038
1.536074531903291
0.6308567097919832
-0.9737146494712396
6.9437315340013654
0.9427316916758015
0.6677956743313438
-0.30583590755957335
0.3207134069671061
0.5779220724076083
1.2992608425556298
0.26422820390347
0.5172394911811984
0.10867717114657607
0.08558403145168597
-0.04285338577608865
-0.7532938417782681
2.2432537030630675
-1.0953778806650447
1.4506479553815934
-1.9675061955756794
1.2840278423504292
-1.1252001657885966
0.9198963658002104
-1.4157861317475144
-1.044741561711368
-0.04017696785262491
-0.6341331595430164
-1.0119159760450884
0.3041426554778427
0.3916732830504586
-1.0263805315856804
-0.19559327574239477
0.9533245986376573
2.348201494233911
-0.23742317032776458
-0.06616108558251965
-0.10035324869401809
-0.44918772280536834
-1.4834480686979425
0.272064114230452
1.445036561660147
-0.32461344039196754
0.10894382008830786
0.249843925629187
0.06553560377205792
0.21402896279084324
0.11125564143696731
1.2005568880194988
-0.4950076242455495
0.4232467618545989
-0.4777589926031329
-0.18585558710079864
3.211227637356023
1.9689116771900093
-0.9781940231469074
-0.26294133453506646
0.006250782805308091
1.8197870431491527
-0.24191885305577296
0.1412914480840407
0.22136038197958635
0.3688688495492747
3.544654926891677
-0.5286847387822278
-0.5733827328042161
-0.8095986518640749
-0.6709761813716578
-0.4095527484414513
0.2018277309838588
0.8654103428402617
-0.2748151373752704
-0.701224915456921
-0.1816756234912711
0.020459883409314233
-0.9105386657153478
0.9588242817938464
1.2572716526967724
-2.0013205920405275
-1.1173218261943236
2.3282453800704204
-0.027871558099964756
-1.0314670340145988
-0.20081057357503634
0.08715133394955807
-0.22943817849862486
-0.38426320399579683
1.4729280059572298
0.424193730104256
0.5190304613332848
-0.16418557149576352
-0.6543718974619069
-1.8313576822798256
1.1142811138142674
0.06614537384550283
-1.3871435838232171
1.4892380801925558
-0.7073082975385994
-0.18125327284143933
0.23774783073189557
-1.1599678973923284
-0.17640918203960074
0.0029137355301627073
0.6890439161936446
-0.21545265942482664
-1.0403993182278715
1.1666693564854071
-7.958366635543171
-0.3754649814318498
0.5089739245419829
1.2304454466895334
-1.0741197298896341
0.37540765893412953
0.766445328513221
-2.6710154676222637
0.4615218712778167
0.6660803480005821
-0.3334433817117693
0.25165426462535484
-0.31477342446997597
0.34006627929278976
-0.030700218081140436
0.41435245447997576
0.10800596337795297
-0.5884410463173474
0.9531258322221787
1.495306076648545
-0.264126297652963
0.07709179093533078
0.7074455744338289
0.5236932591460621
0.21743755799092837
-0.6505291803165706
-0.52474645187477
-1.0180765826506344
2.2786043820096182
-0.5062949624480062
-0.07861220784107512
3.4888741209499834
-0.6223003296713656
-0.016965126230415795
-0.2483300078656352
0.18068036310861546
0.8060039416799774
-0.2249885106628647
2.6100775558686076
-0.7744892979472865
-0.7628065197423944
-0.7047248874909963
-0.46607655907985274
-0.4874070439340556
-0.3351811786714942
-0.17962109864272813
0.9314570051529351
0.4183740941190248
1.4316214290832983
0.27943816498373014
-0.018173057487740705
-0.5494034017589076
0.3508273793691784
-0.7165066407013839
-0.33943422365438625
-0.7248552770579136
-1.8418440908728286
-0.3289958525650821
0.4183882509747925
-1.1505836068900923
-0.07195191909182691
-0.9140662839975346
-0.6635437200370669
1.5444590783324366
-0.15577184539335753
0.8881186754327399
-0.05267599386107885
-2.6056610148585473
1.4985913629353138
-0.3719726752476681
0.754588583668331
0.4659838523158358
-2.3710273885129283
0.33615084864844613
1.453108490351243
-0.9092843231767224
-1.0201979449288403
-1.1524390884854327
-0.7107050781842467
-1.189837217917809
0.04075321191144854
-1.8422361738484867
0.621184070725102
-0.9775048931049398
-1.429052734906464
0.5719004503973045
0.6586522891033972
1.8739220370325924
0.6041004237465987
-0.6959580729330698
1.3599399332790865
1.535315071666936
0.08687372260312537
-1.714015671709283
1.2935639114577795
2.8700653261519578
0.10823290780910098
0.3387322237378383
-0.4843040247453342
0.9243926552127122
-1.6954597166350174
-2.4316633464248665
-2.190901120662242
0.7228243418531679
0.10798652377345888
0.11218897939315027
-0.5059391866452017
0.6840049955515395
-0.3387588401367696
1.940934365244263
0.14122310583579842
-0.5032947361827697
0.43300080678659864
-0.7372366267581297
-0.5495038500404665
-0.8687746972124858
0.636722084652518
-0.5165146073039122
0.5726473123387406
0.5088665247008416
0.4046743366148047
-0.6422004578194909
-0.4859712754158122
0.39586385293837195
1.302113783687784
-0.007881088290002954
0.6549472584282008
0.8863109281497416
-0.23062827962032886
0.45099050893427056
-0.32659900287476484
-0.8414034921242399
-0.5169107027336793
1.8164111499625823
-0.1950057980745089
0.1776240124865386
0.2659932874805707
0.6526524306566556
