-0.07057935319153007
0.4798858655216913
-0.18479698236991354
-0.2160390070590405
-1.881801648779078
-0.5063686798971991
0.5834072592472628
0.33530626699095467
-0.2241826662840143
0.14541439758996175
0.3233375879843796
0.881832014231963
-0.28363943395532376
-0.9972926532268994
-0.9026680413837475
-0.09326636796094927
0.3033781385335981
-0.3105948943209488
-0.21188309944211792
-0.3462961201982442
-0.7851109665677369
-0.5737881290786286
0.3186371266705398
-0.32097233859654595
0.6577822959767199
-0.4461528941295821
0.19498064616562683
0.18468129398985933
0.6031120729308527
0.7569475999056854
0.6494735446227229
-0.38821087548238753
4.064420463297611
-0.16771922465143152
0.771114094448884
1.641436283986199
-1.032412510227408
-0.006326993863992724
0.673414474437621
0.1624142948499511
0.771169607099227
0.12580851247927546
-0.1878501748317359
0.6629364978176331
0.5806809762997336
1.2398414616615137
-0.14573375817349005
-1.501248970650532
-0.5096569950002912
-2.837158088051562
-0.18940446630734992
0.15691941684835184
-0.22381293243375322
0.7111865584016595
0.5750328785546853
0.22139217491580881
0.3855656786399677
0.4728714703434938
-0.7629603750896886
-0.23169790065201218
0.6633676044908728
-1.3266066334902429
0.3964598884619054
-0.38393325832331526
-1.975817793434476
0.390575998874924
-0.4300686746935114
-0.11763448466821452
-0.9255785777884484
0.056381625216909564
0.5653907153413776
-0.7092869064327456
0.14553351412838567
-0.5577050621978602
-0.5289237737558967
-0.5540467485254048
0.22453581336617537
-2.134075795224903
-0.27403443567633506
-0.6384375557446315
0.1576405726303561
0.6543196668722907
0.6395907379402613
-0.3312216052326713
-0.28154262364201715
-0.8222446174490773
-1.381504229773903
0.623439103631566
-0.5438026553102839
-0.9563461308446796
1.22520784821272
-0.6462772396802978
0.9206212673473956
1.5434891566171616
-0.6504012428611474
-1.778320585777682
0.8048758758004189
-0.048480419395793624
-1.4754571888079158
-0.2613344998997832
-0.35113306609079353
-0.5673463136658325
0.2170482076115125
-0.2569189921526697
-0.5222240993066999
-0.6357180531022738
0.4415578861684614
0.2965074299171699
-0.09560995807332989
-0.19058888599052437
-0.3984065005118861
-0.0152562028373176
-1.4211499333619402
1.1387686190777202
0.3528993369999111
0.28927285258720226
-1.0269364361378381
0.948147463579831
-0.5593248837130668
1.6440234065870023
0.7483719054298644
3.3731875925638777
0.1347629235918999
-0.7983236057453154
0.3086493000538829
-0.7121584682674335
0.5223857490196286
1.6601841896053202
-0.4126554826581811
1.2052556134151495
-0.13551886055526244
0.5517319267751518
-3.5337521116623316
0.20383958105271813
-0.0853718069647533
-0.3979821523266401
1.257326856627068
-0.07331400092674945
-0.28264235312227237
-0.3206586480533605
0.013521891097545143
0.8170648667508765
-0.8084028672994593
-2.547707946659679
-0.7415124243635377
0.374377846836462
-0.3282071538096272
-0.1373731411366016
-0.7300065004925063
-0.2340223097470428
1.3295825966556571
-0.6829899325514358
-0.04566382174727865
-1.14547727028939
0.46978103938654814
-0.40650160291028864
1.4482210303800689
0.7342608859808034
0.4705239096217586
0.0026688272083229547
-0.16852053731051148
0.048862725095634885
0.0458032269628459
-0.5774316742855503
0.22302642433297828
1.305803566714412
-1.7799264442445322
-0.885696198435083
-1.2727918814983075
-0.2951179373670184
0.15139412183358344
-0.9059921672922555
-0.29184807069092905
0.24459114230893567
-0.29490090077989123
0.5243104821979208
-0.3196612014035017
0.4858524511162283
0.44496574888843504
-0.9791675987154373
-1.2681156855528943
1.6930061774573109
-0.023032956274493158
0.9283862190777226
-1.1013577894501447
0.7165936136200685
0.3933758523718869
-1.0099627660934307
-0.3367061502427793
0.15635426930992774
-0.05211943850126999
-2.5880476155463805
0.35445627439157357
-6.326920885930751
0.5811551119863906
0.6197640098562036
-0.4940557660649304
-0.43659617153539193
-0.7446951875681856
0.4564592168255531
-1.4468442607866474
2.6713255602873662
-0.0490336231345832
-0.04850943247418499
-2.861381050349511
-0.6818097447306897
-0.3215516336248052
-0.04933865175597867
-0.49168196589890995
1.8254724694183828
-0.789331139845451
0.512079386136955
0.6065600939988414
1.5501606437647069
-0.8647876654939728
-5.05334886406244
-0.31142754024311936
0.1411742423088349
-0.8326030087654198
2.2736848031284564
0.8279869051911325
-0.3450981067115723
1.241994176835713
-0.40119980500770536
-0.2749497395702072
-1.2828762116529369
-1.0378506375544894
0.0063795502581232046
0.6341040507517766
0.06999279152881197
0.5886409780574027
-1.177328366182147
0.6245687045572617
-13.246816099005184
0.7109534706490042
-0.04287390623793363
1.3307644414557953
0.7755518487755914
0.5925695778963859
0.2022670449139503
-0.8291054638116131
0.06643308387122382
1.9461466314111162
0.5189277550236612
-0.17646383039529992
1.7884551907380455
0.0005618121756355405
-1.1049773869263115
1.2016385115617565
-1.475863799073308
-1.8533683991954055
0.011958042698828142
0.318045959395583
-0.6604344520466605
0.5186405057773539
0.3624515498200981
0.0017416939154622727
0.3087517882082754
-0.48349247389051075
-1.3288346106734652
1.0122087593719211
0.10596645920429923
0.6471014413206243
-1.280374722696416
-0.7262248284898861
