0.2503101986715656
0.21383922010550932
0.26782635987642145
-0.5814071527765567
2.7888366512468643
-0.12616797395582352
2.412226233405222
1.501687316317929
-0.917574540958263
3.0796692752999197
0.5316542615397495
-0.5247685590419123
-1.8447095358842196
0.3591293944805722
0.3962320521838834
-0.6476882497479339
1.0788211045979201
-0.5752966341268331
1.5595676520067259
0.9555717224316154
1.9278510581420025
0.5581932475357259
-0.32716952967628243
0.019451310904354913
0.7955005244099617
-0.5729546353119928
-0.19237979032037336
-4.721520050903518
1.1154049184866277
0.6998994994213247
0.1665324679730849
1.1006685165600776
-0.4739878335210903
-0.056553035098275306
-1.2369424281407864
0.1643877961747924
-0.1409313119464165
-1.4636625050318848
-0.4216423713814155
-3.4502127033817582
-0.0866600885355603
1.1433583478814795
-1.3898153240552702
-0.7253793383907512
0.4519692274925377
-1.0388741643485169
-2.3649667650781194
2.0086048984801734
0.4468102695350957
1.4720491329390264
0.5235445587483777
-0.1352934961300653
-0.7804783928393626
-0.12950708379927886
-0.9838469846225056
-1.0665625966978256
-0.1104310949330759
-0.30155960546367505
0.46664843469453493
0.36822067974865347
0.3772523274522681
0.6405138242641024
0.08577255606349037
-3.308947979746547
3.7354302424914905
1.592968099297252
-0.532182574612303
-0.8781317322523443
0.4356691170025049
-1.7487301362115462
-2.846904781311955
-0.8641133270400574
-1.0595882180621727
0.06763085704129167
-0.5402082813570667
-0.8048220574012932
-0.6205960392115457
0.4133959956653649
0.3720001322941514
-0.37676096816628635
-0.7952984549435553
0.37028404563834916
-0.411724597252692
-0.193079537341508
-0.43667404611225547
0.47116792877318303
0.4026511890675175
-0.2963575074319975
-0.22510381100611204
1.0934562363969802
0.2147258746378335
2.0773976560521876
0.3373596414128309
0.9388707776671441
-0.9247404673281121
0.7566560619720288
-0.21180828080677577
0.007597164711178606
-0.9923646775627762
0.16184436143883768
0.09388943010139753
1.7080264376401255
-0.47091545116447764
0.23346710622986103
0.4708089686110354
0.35227232490106525
0.6535357266866394
0.7721248343908506
-1.3155838460135647
-0.28523006047625854
0.4322028081619511
-0.2794382418165832
1.3383797890496774
-0.8911631127698857
7.134370966659779
-0.4640336634815355
0.23870865961267845
-1.1876255997076528
1.8863530148092091
2.2673675098209287
1.6949343847880376
-1.0735641067765158
0.4287916061342298
-1.2166527373358993
-0.6339752997978911
1.750836845202746
0.7172251232341551
-0.5390062100879193
0.7878983390377104
11.088288429924482
1.5432341409733616
-0.2833761188281066
0.28791776843055567
-0.17270381502720197
-0.2260093685024687
-0.9594338386498261
-0.3784870196414731
-1.3277718253234763
-1.2097740540003707
0.19072347398574263
0.33064461154254465
-0.7833448300462569
-0.8235901935529788
-2.799829046978169
0.6945608128431694
-1.106593741513041
1.661653057325988
1.2937127595632654
0.011633559999391564
-0.9033140174006945
0.9759414140762788
0.2228759726017063
-1.1861192747825489
-0.22068538295186507
-0.04561357039747314
0.9458885394570822
0.2735786827752574
3.114464882717921
4.185903462633789
0.07747182491532596
-0.7422184564016308
0.1071974174222646
-1.8446377253726756
-0.7331513243706997
0.0763251864588682
3.7911655740869303
-1.22397110432698
-0.352829611499278
0.4206873111528042
0.9882506924166445
0.5495167938746631
0.5021970646123141
1.467795370381053
0.8269974375151122
0.11886135994593676
-0.4244280125980802
-0.3968861672418778
1.005150383590195
-0.6695557869206838
-0.2735288138720184
0.33957095050798175
0.879673058578513
-1.0205880361924868
-0.37605471881893204
-0.4069660365226222
-1.1663079107664487
1.5311461102665658
0.11030229397577666
-1.0148227946172133
2.8791234858935097
2.5349662924642207
0.10939801414036915
0.08619792448718835
-1.639894864047745
-0.772928082815573
0.8237213734242508
-1.5345114120707184
-0.1174027196204653
-0.5046646434235996
1.6993017486537028
-0.9447929085004989
2.16265626115921
-0.4901811210457253
-0.10750423852479876
-0.6319707729917214
0.039439428435352045
0.6786133632128373
-0.19138205018170718
1.0188791958515906
-0.022266504386025038
-1.1464573637192175
0.29901371683905925
0.2530242551248079
-1.032773200366189
-0.13275178986806369
-1.5034288468436323
1.1479991923626274
-0.4529676090597051
0.9379462309703738
1.6801782555162728
-0.503809347556299
0.520851878513676
-0.7153515416149305
0.04600109162856809
1.9962201533810902
4.021137913877234
0.010916040085332526
0.5046321286541559
-1.83177377000987
0.4197247015560768
1.1091533975728682
-1.0174616039321946
0.1521722190262417
0.5753485185458735
0.008493736342927046
-1.131416447431123
-0.4842060975681168
1.6548864841379296
1.48352116208114
0.47832785725483284
-0.17500601317471273
-1.5275535451164375
1.2154879273627244
-2.0059516233429635
0.4827372382759088
1.350259219727084
-0.28742449382499696
0.2940016605292347
-0.40886282382713773
0.032707808298235753
2.8941844916036557
0.7677498919798609
0.8416607023598354
-0.08097369516174317
-0.19299122416818526
-0.6512014325348662
-0.43170992285106424
0.014504617037008278
-2.2507066216708713
1.6513450250080264
1.2467629914873941
0.23596693039693492
-1.112748790534464
3.8420739959444656
0.23686034511732537
