0.0008870080623548313
0.923024092329923
0.16267220881713335
-1.2180403400993787
0.6251867159843619
-0.02358302968553329
-0.986947904297249
1.4083326533601443
0.6338412131064867
-0.3514598853943132
-0.353259787911465
-0.3648104859616947
-0.39143644093091123
1.699148361044604
0.7099506219350533
-0.11655323828534128
-0.6210307449338167
-0.3771658251402322
0.11075760698044851
0.703929832520145
-0.14694037601812973
-0.16240508733094985
1.3729000234583313
0.39011172785589476
-2.0564322589712853
-0.6743384377229024
-0.7878727736260154
-0.4869641191916913
-0.2386719218023599
16.34860792653037
-0.02616723062280026
0.6641672667129884
-0.16820852549620494
-0.9575547349210617
0.48821941724658735
5.560470796464253
-0.7894762190226227
-0.1435884869611702
-0.2933331669473142
0.13048534431505465
0.8142399523402368
0.8323639978350048
-1.0353582476921197
-1.2335239802556683
-0.9816129782846441
2.306631916508649
-0.19662033394543724
0.1260295255731291
-0.1535431963200049
-0.7604751958887009
0.128112621988524
0.11430326279696086
-0.992483615007782
0.6008012565202316
0.1725846211482398
-0.7267216047527016
0.5240174151166599
0.42106581325505255
-0.2558973623951097
0.07579313090673856
0.19547046958616562
-0.1784784357845239
-0.7733193346813393
0.1794126749616815
-0.6804773523879458
0.019910287971246797
-0.3040551766383924
0.31874518658777956
0.31257751936214073
-0.3284823273437129
0.10366155558415235
-0.9260290402938501
-0.040794613644672545
1.0893560865824312
-0.1469752336369147
-1.4595173732102762
-0.4976349256696625
1.7773361009663387
0.29580414081378303
-0.7395583859174165
-0.7516918117918272
0.15589055240257363
2.056599300670226
-0.06434795179065761
0.5503022997759369
-0.40682600482382736
-1.5749529069027157
-0.2326189100142784
-0.1797243943800201
-3.370908814244475
-0.6917736931181777
-0.34561523329238075
-0.08481337822426344
0.5174416401349323
-0.13968154973765348
-20.977762602244717
0.6636109798667733
-0.7479063121379418
0.27524548578918984
0.03674868180592658
-0.7667352424006952
0.7538413701007411
-0.5368487510007062
3.4302224863838564
1.537029220206683
-0.8335230542891496
-0.25367218403361336
-1.5618989534491883
1.1908890115352764
-1.3617008658058567
-0.6381959592555525
0.7674928457089557
-0.683236230367521
-1.9365278742450354
0.13111912079764004
0.41570410547164116
-0.45714371356947775
-0.16715616747014053
0.28214041480707114
0.40166782594514683
-3.3486590854833698
0.11356242452111813
0.25419179425674737
-2.176846974622248
-0.9688710666927038
0.13138231521848337
-0.2153630302290622
-0.6680352693299809
-0.349914010778998
0.877914813533018
-0.17647378478846645
-0.767335393126887
-0.8813872842656837
2.170181726655372
0.5374760165826122
-1.0310785090885588
0.24255277415636703
0.3495672199651738
0.8328921551384721
0.5002128260332471
2.3863130427157135
0.5031327002030473
-0.5619522478608993
-0.8062501488435405
0.5775718905481769
2.334604001948847
-0.6893070399311173
-0.07902543848577873
0.04580866161541929
-0.36765290283552565
-4.465535563071893
0.5764013912696254
0.9753124826283167
-0.32210467035218343
-0.8088541429446187
-3.4903820038368796
-0.02322793576524651
0.4203683569586196
0.5509342440200715
-1.527262089499432
-0.21249385030846252
2.2177284756616458
2.7821910523768603
0.08273210331200773
0.28235836774918166
0.2225142047039099
1.2578200170208098
-4.901999107880528
-0.2822056676683415
-0.5658046092513318
0.7950104905901804
-0.7839709382416501
-0.6673828089051854
4.964203165828197
-0.3739391716505233
-0.1038651680997821
0.5770377626315327
-0.13836761773160305
-0.39875724867520723
-0.23357866420513007
-1.15782649286922
0.24595305420405722
-2.4393470610540358
0.6558001159566679
0.28076330916491704
0.16470370693597983
-0.7570293417970602
-1.1034843426704477
-0.7547678433854527
1.8647236182647486
-2.9086105791189363
-1.376483320865173
1.0221286393911129
-0.4343142380897371
-10.997388357942402
-0.057313324562918294
-2.363070234333948
-0.3817650620530888
0.1828866133255216
0.2947642496642832
-0.9146771830806645
-0.4755472320387917
-0.35367364825318115
0.5121458902324781
0.053360655324005864
-0.8867034425349556
0.9811821935656121
0.21333697755837908
3.1977944883042917
0.0575337314503758
-0.8772042296353676
-0.7279524151409221
0.18467480960839328
0.4322610942319769
0.8271800429329887
0.607737098764948
-0.3942271366044975
-0.2792808040680894
0.20560234258608218
0.3254350385427688
0.6412690194470715
0.9230466221870143
-1.4019306644701128
1.2494220114491381
0.03686927619558003
0.03559518855302717
-0.15761528282849468
2.743465474408317
1.9788092365313326
0.7414527662812054
-0.19350974250120115
0.03368694567927881
0.9003546668208555
-0.49905457580784307
-0.4587009357138555
0.6786525489414109
-0.14057095447549112
-1.2770952470235937
0.42246307414392203
-0.38415892330365486
-0.8945347645253766
1.05906901060363
-1.4256237314405662
-0.5416963188552157
0.5052617370925456
-0.770368000668107
-0.19866491352449606
1.0806425831219282
0.3735209465969366
1.688948039569819
-2.3980258697341634
0.521263403195291
0.9598395076533999
-0.7873068267283565
0.9808481642293528
-0.3674245739369851
0.001379788612153092
-0.4055313566510247
0.676821887896752
0.1058513137780048
-0.6405921424821279
-0.6884018107741645
1.2304834920710883
1.8453520816111935
-0.8759262765878004
