0.37199631370884684
-0.28023287728362706
-0.666139472016869
0.005498432503104533
-0.10296027181002598
-1.0000007189014197
0.03194536375468854
0.07336824340267269
0.40872126970531364
-0.9998140613237543
-0.18601663392925394
-0.3162685025454741
-1.4378274858795472
0.8049027164517997
-1.1972247706862724
0.014399122372357449
-1.1648188746884287
-0.8693340055909217
-7.414467433276143
-0.9779883482818853
0.13031493170745587
1.0298583535219694
-0.942556169244643
-0.11630794039944956
1.1827175091500806
1.2731360697898717
0.8814476112455732
-0.08224560993119763
0.29777632315982244
-0.5418441586850422
0.07292313508208247
0.40131304547260016
0.6464144577030553
0.37218028432893535
0.3718100692751157
-0.9345406834984868
-1.0874753489706523
-0.7526391643411816
-0.44836714291143565
-1.0012561632208548
0.49531881508619435
2.431926306913937
0.7924973664628717
0.1873683018381342
-0.1310586837035693
1.024833025352504
-0.04300999947254575
-1.1109039516497843
-0.7375169819414847
-0.011754404497495707
-0.2524828108504315
0.9554196859576873
-0.6477782127170867
0.9516769981415749
0.6362366234892167
-1.1678744833559216
-0.3509327741922461
-0.9705377611088403
0.9866309210066846
2.6683913938481245
0.7414839676931807
-0.7523795646828535
1.7619147624537899
1.2137375627881861
-0.9240531901851521
-0.12902662747802074
-1.047694109904892
-1.1694897523996468
-0.9982548541046345
-0.5774710545460914
0.1821414445339818
0.9515240823132832
-1.4275849354550696
-1.7340906650548855
0.3583123232833212
0.6976947942094895
-0.22281098399134874
-0.28019095731810556
-1.9630492388838114
0.6885051412705026
-0.015487107227554002
-0.13248821697502647
0.5157725460411011
-0.3262077491976848
1.3143185259065997
-0.20911381929473255
0.7652110255055079
-0.8188544751849628
-0.842817698603764
-0.9740101071787874
1.2820874709493153
0.6515096600089861
0.017624263405827262
0.011220409608924915
0.200857022240501
0.42250876646788504
-1.055539677035136
1.053065296500075
0.8810256187897068
0.8140258696552527
0.6863851153572065
1.0499234842107867
-1.2102911692974005
0.05477752367683848
-0.9266618993282526
1.125651289530252
0.7775866744752409
1.0610728587661655
1.075539764116208
0.07546954443703097
0.04542042464547213
0.03410106656377976
0.12796939621665057
0.9905063493957289
0.13105463060356476
0.9417227949476975
0.9927491717012522
-0.5759650025106646
0.2151012132191282
0.17604310128607475
-1.1436751629968431
1.4275520740720844
2.1241215439959547
-1.1402614950988808
0.2844491835702547
-1.0506994947183685
0.8792765259687978
0.0001263053873771413
0.01121369812328082
0.8386344524318234
-0.22224325045862603
-0.5361633292191668
0.41686960416985464
0.2440429668628728
-0.7877247804166942
-0.4253840045037415
0.5461469314978253
0.17550499202431466
0.8396035366125767
0.6134077451099509
0.030489376597925943
-0.9693090143759435
-0.5476134394841242
0.5795082482249755
0.07051663310583998
-0.03402757204519652
-0.38299896014251
0.039047048537502294
-1.4768942265937273
-1.5039481070806449
-2.3660994991997626
-0.28604054176733823
-0.06851114236924447
0.08891333173754917
-0.12233323266912842
4.19980400579354
-1.4821178656020715
-0.5845146634248652
0.2268848329512455
-0.9587301361518905
0.9164716459277493
1.3380449462673256
1.81336815783193
0.015377833648878457
-0.36471182880729736
1.0072895929833448
0.346320808681136
-0.6343802282518971
-1.1534059584293086
0.41977475850129964
0.855425196990462
-0.010440042598211964
0.03175443146738459
-0.9512147985884785
1.0978331896538593
-1.0995769375972413
0.06473483257939226
0.0036350651203451785
-0.8746366980751737
-0.3972865030244068
-0.10498400622305634
0.2987566716411448
-0.953105394640474
-0.9564898012729492
0.1296452689349065
0.9589129424501063
0.12196808167725476
-0.2944774182902082
-1.0030505820863735
-1.060540441160812
-0.23561876501516738
0.030139255026853898
-0.03719817083250211
0.10465671772481099
-0.2024145296567426
-0.674168284585495
-0.4386685623220682
-0.23354932349249002
0.02673918510856011
0.8020810058577339
-0.5624571283600931
1.3724938826819217
0.7650486946622493
-0.6198405198335948
1.0084438916843135
0.8543223433729796
-1.2616190659308524
0.3820599464379152
-0.6020678209117535
0.3310230385784514
0.9882477278080237
-1.1822354613693793
0.321248696664564
0.8740518824786856
-0.06333995599153977
-0.4035242078095124
0.420996853738265
1.0446058044270647
-0.17895342325172442
-0.3044589774915444
-0.843580935333384
1.2191865500518986
-0.3635314426144858
0.9270619456239022
0.16733098731580875
-0.5465329158963635
-1.0035048613287045
1.0889175004491476
-0.7851801654274807
-0.4004479209382965
-0.7241518004086874
-0.2673989371053192
-0.023178443339621976
0.1159696248233439
0.7406734801289917
-0.18138515154432783
0.937288273147051
0.059589501090333896
6.016188208835512
-1.1642759727314897
-0.05214892188623641
0.09600752428232315
0.485923052258268
-0.7892706097813321
-1.0112426785733597
1.350646413333409
-1.0440749889757768
0.03558795251466029
1.4425869469047339
0.2128100848533639
1.0347626166923054
0.011140868663511652
-0.886237592474874
-1.0237090806465903
0.05597811291970072
-1.4465858459129706
-0.9458470899571506
-0.2637901667309731
-0.26495818321087805
0.6911466098681991
0.9708578843578267
-0.4030525031982431
-1.2496041937330502
-0.9905978856051232
-0.04704759592807826
