-0.44777861399110797
0.8994644061593386
-0.5481498025919895
0.038795657182841836
-0.7737481058301843
-0.9824601098568075
0.6888931630798107
0.37597861235883623
0.2512740058104457
-0.9324787335464302
0.9465496575441203
0.07924568430398016
-0.3143849995367063
-0.6376186175111931
0.9589606334452945
-0.6970995292321307
-0.7079798176152572
-0.17463768810991454
0.6226523362878569
0.5719261923319934
-0.11608583797680394
0.3033987786728276
0.840012697623119
0.45446757645074376
-0.6926682642328397
-0.8779221694517114
0.16216209189922592
-0.9913140868216415
0.6777737447860448
-0.6886240343102508
0.04368652639744752
0.21516152721266324
0.4649205762433519
0.2756867841945627
-0.6579706214196979
0.21161933220057727
0.912124910453066
0.4693837071875955
-0.28058261191167766
0.1684997404711397
0.051979461474870536
-0.5954671604727961
-0.8723085267469508
0.08887445717303644
0.6170945439752686
0.6404587316185517
-0.008983091312470659
-0.40287962849444825
-0.8667071948645408
0.029130994932575316
0.10331950698942927
-0.9322122936604245
-0.48192364086119466
0.5771204058701742
-0.15097303741294965
0.8286633990974206
0.7641371630479386
-0.6955099988995177
-0.40053557488754055
-0.9066500428858268
-0.07886105048199665
-0.3098860308957285
0.1736352721877159
-0.9394551300014791
-0.4920361876985342
-0.6433866181672414
-0.8767363162044248
0.7910062260962154
-0.13781277141258896
-0.617121338804961
-0.7664092496537123
-0.5129976303055965
0.6382878802981735
0.6124662468754585
0.1090881500868115
-0.26671249354030446
-0.04589101093308323
0.42942441440435086
-0.4041523710405561
0.8099065011570827
0.0054021310489345
-0.8826084088261088
-0.11645876904889407
-0.14199358549029273
0.9804944632477666
0.9674696532431206
-0.004169859861930414
-0.7358510149340114
0.2532243280898079
0.18671074701749957
-0.9451492814531097
-0.8122817580540398
0.7159027181744286
-0.5293332822548307
0.04076684044794532
-0.4829270171920774
-0.3560068278403856
-0.6139973253722169
0.5573794926101103
-0.7266904538479331
0.0462536729003844
-0.49527183004774455
0.7091519505916681
0.426831232908198
0.4230214375946011
0.8954411595569585
0.6276217705426224
0.9595465924792235
-0.7151364455355493
0.76529077740045
-0.2212578804761285
-0.7801130012957236
-0.19772169538733575
-0.7559156574408685
-0.07693157606762124
-0.2074384810489316
-0.02682544775584539
-0.2923273126656376
0.5761817144337145
-0.2913700054081301
-0.3544915160265536
0.8024322039188314
0.23396157023502862
-0.5387303809148207
0.6743472662687362
-0.7279854287281589
-0.01378367866750052
-0.17504522036463088
-0.7042866952403011
0.4307206386149942
0.41177776967487545
0.3703953104666353
-0.15940405728863616
-0.37262105764193354
0.2110532335039692
-0.5042281245082199
0.027972753450190346
-0.6965436152078657
0.5590479068669754
0.26369748357442346
0.13810384742857806
-0.6035502921641096
0.161442498839655
-0.6057784782946474
0.8022691690429453
0.13166414566508022
0.32914496753634803
-0.23241088091184325
0.09897117935952582
-0.8881806671293044
-0.9305176830753807
0.9173660869972882
0.6343361855472809
-0.7108809602543293
0.5451382202360349
-0.6955511930236769
-0.9650891686166594
-0.2794046669420547
0.9137889737087683
0.4513080323653731
0.3092917351329101
0.7409976224451122
-0.2115558853888595
0.8216257119120993
0.08872067225059133
0.8597056076246341
0.7214471184400444
0.778970830610539
-0.7148986003068751
0.9784064927678127
-0.23782673732614845
0.6949638240102627
-0.1799850711389548
-0.3870350925436816
0.05406880580744278
-0.7486390117101553
0.8132890927150964
-0.24573205387550434
-0.7350133989019536
0.8049696639583535
-0.2442991070055751
0.9577400017526447
-0.9049805472888115
-0.5168308345677035
-0.6411878864602178
-0.8265503649563095
-0.03243568097525373
0.4832836814964627
-0.39748478404162735
-0.6561597120461731
-0.14256769692917004
0.3694025665979612
-0.9683902915790363
0.7014076244750507
-0.42138881676589945
-0.26085060768345847
-0.7122372890932722
0.8100028189807345
-0.8010577568003752
-0.3391429863551534
0.18436605774984516
-0.1583761500194527
-0.6551639491612251
0.0290051556063482
-0.19349867894946615
-0.43727557498728387
0.08802976967996345
0.6372016282581303
-0.9425256848967485
0.5521580315539116
-0.9321896157227467
0.3943683869197896
-0.23865560543511322
-0.7082218561929481
-0.04149178352396765
0.6992663225829168
-0.8504515301523672
0.20808249387581856
-0.6181650294553702
0.0086391886153383
0.6523026569528498
-0.25240258484237255
-0.527473265440382
0.5732242829687628
0.31181048757244634
-0.11397492502224527
-0.5700344424493724
0.8667346492271835
0.015232518583309984
-0.4380625858061131
0.678749956986231
0.4720127738260629
-0.7923035650751737
0.24708128869434987
0.5579260020070436
-0.7133846948299121
0.43348008536064087
-0.03849178273578824
0.31046816251807074
0.13950401235449794
-0.9500095184299795
0.6149952570242663
-0.9529084305108191
0.9469071851179434
0.35265607530644383
-0.7847888596747752
0.6670408674047634
0.27454876999465716
0.6330001916555703
0.18121677390767554
0.9164532363307469
-0.4237762591406393
-0.47642885442278904
0.4441648968145677
-0.7906453327139407
0.9322628963512869
0.6221747827171125
0.9218346938424455
-0.048812981126941324
0.18360516932051807
0.2457174520971479
0.09220006725645646
-0.7692787668210344
-0.1934333141207354
0.025329281770569256
