0.771041327653842
-1.193531544387222
-0.15891334166112808
0.4017326008250142
-3.5722547405777596
0.7066032554397714
0.08774601714368173
-0.08539436680886246
0.20497436546357914
1.696970479054738
-0.03613249312593596
0.2807614929633958
0.6786152220950885
1.0556705429185969
-0.5305746893848082
0.23978742121510618
-0.4810661337697033
-0.3692661518545498
-4.378186102785432
0.6513598843419842
-1.3270791751418758
-0.8651850428703075
0.4809588539198801
-0.3458604603835049
-0.5666445636176713
0.196101033729419
0.5994761564086286
-0.2653295795892494
-0.3470317784517125
-0.6560221893132349
-1.434311551758116
1.4049502560510678
0.12043650051279123
0.14227757499191893
-0.6174355481579167
0.15340162053047318
0.24652326238204816
0.08883908847225032
0.24908942403115414
-0.2371556988577301
-0.6741302307308255
0.38960035970322576
0.7080465263082872
-1.4549454113259273
-0.8258052747071913
-0.3336982179330604
2.8741618802548174
-0.46686961466303795
0.32604163374700523
0.2737311927099929
0.6541781334998495
-0.2396817248784958
-0.7531866071583438
-0.5880770717777632
-0.6501172254852079
-0.9596506625085552
1.1041164705917268
0.08208984447323417
-0.6476205655299192
-0.6102397605202766
-0.152714255715236
-0.8472887976189731
-0.25843062860787136
-1.0346863615282231
-0.18194114730666255
-1.3204443830484804
-0.37676447283029296
-0.7021809306520429
-0.2090518306308481
0.10330254673277636
-1.7534296228929467
-0.546604902528067
-0.4579030263573723
0.8775338018608883
0.6725125101350644
0.31218967858754165
0.6245342794343259
0.293747493405827
-0.6847214208788176
0.5829464855034602
-0.45805704603071395
1.3644742813010864
2.225011011180872
0.6271673358104145
0.2609107027785311
-0.9702857743940082
-1.6212074666650265
-0.7567458068123264
-0.48018570161592555
0.7037753779416376
0.7119224709235681
0.9226170796156763
-0.6092164815673972
0.7719639269846227
0.42828741233072604
-0.46459879445282737
0.19812057639093908
-0.350286174727895
-0.8110338235408923
-0.051809198732046605
0.2858639605527172
0.425929530312714
0.4708254791792192
0.13668697600988805
-0.371919230323371
-0.16289671710360815
0.5635577516892734
0.617148681545722
0.27521426194409665
0.3724942147199503
0.08795350656378303
1.9736997555727502
0.10015059127948814
-0.4921044541314147
0.2599387919875504
0.9665331346849183
0.6584566215181251
0.5859425898189383
-0.8420581722019127
0.8385138422938482
0.4182772164295224
3.0335576790824144
0.19836634164902525
-3.8819434291092874
-0.15510406704799082
-0.6324692814496083
-0.4796546411776536
-0.6837081078472997
0.909710674218256
-0.8753605429875444
0.21047642022556506
0.8692391671718479
1.008405389246375
0.4956927201635387
-0.11557476395657262
-0.0728224385405542
2.9883797823030775
1.2448731334881828
-0.6527093630182234
-0.1370049288389208
0.4971422902020769
-0.85268707079689
0.8344988276931422
-0.182185542006578
-0.7012674355053028
-0.30954070244576476
-0.4253841128561651
1.2124362672923101
-1.8277884899195076
-0.15689846493020077
-0.4057958534399786
-0.5003156716880701
0.7730567507809432
-3.2002193068142875
-0.7457612572941343
-0.898049048972949
-0.5929422866455712
0.5917428727988968
0.3989005747306422
-0.42144975055761214
1.7846010506843444
0.4956709445864798
-0.07485948858622984
-0.7445873971301533
-0.10066767565079955
-0.4140740557636512
-0.08477906842342794
0.27111685925021545
-0.2554310560862706
0.5468681206977588
-0.4734785511824434
-0.6649437123191559
-0.04515869030464041
-0.24576432094351175
-0.6854721815704258
-0.46375660373215055
0.03881679459254239
0.5247760610091663
0.10222282613933532
0.13380764185509714
0.41610650767449997
-0.26341865061354264
-0.6149540507943656
1.635265838905715
0.5561501119073634
-2.0999657262708644
0.35077694325272246
-0.35624959262797146
-1.3745231886654383
1.7346839857063703
-0.4781429839787472
-0.848063581325593
-0.37562757259633134
-0.43645809662201657
0.8249492398437018
-0.5665654241107514
1.0114215576836554
-0.7482584697153836
-1.4866067321378877
0.4979077992919729
-0.7811388265839174
0.38733410280089364
0.08875353648348341
-0.7797940181039174
0.8385625961769168
-0.33744770133876045
0.36268270820317744
-0.39289820047917484
0.42401670087269855
1.0007351107343845
-0.07908673197050649
0.20390366757501122
-0.08620624344686077
0.6233341716389204
-0.0012667790283340669
0.38631254941233606
-1.177769365089964
-0.8404850960836181
-0.14111638891177267
0.7268239800521473
-1.9609015804586218
0.2970537551532035
0.6241002329315823
0.5003335415430749
-0.8876392535348897
-0.07806806076262361
-0.4211147738562932
-0.1734030653192312
-0.02792504497973507
-2.7696581909392752
0.8269160867243825
-0.42551324659514095
-0.4394461604933613
0.03670044163805025
1.147304299999456
-0.5553407226178619
-0.2759562244229786
-1.0605186417211132
0.6002033126179562
-0.7569820657215462
1.7581716437802448
-0.8632228295820494
-0.28568957930125954
0.14978193267510145
1.3104355223836588
3.280552560960793
1.1452728174432112
1.091581283605192
0.08392282919324678
1.1254416226630406
0.3937130281363246
0.5293882437082715
-0.660103875082862
-0.8583376710681553
1.4186051316307737
-0.11746648951546639
-0.4788062319812244
-0.25383246434989964
0.22594337121698585
0.17549515607704327
-1.6733021856885246
-0.47770953615168554
0.7062751617879127
0.6343984680429537
1.005211189304161
