0.20921768038723615
1.4670395562877856
0.6587258120287309
-0.41161842632050527
-0.511668141678478
-0.08574094665807229
-1.11943040739683
0.6868895452425335
-0.28325818689961246
-0.6474713966712397
0.525093691975366
0.36748117572689554
-4.388354989997644
-0.0903936303053277
2.31996134812978
-0.7666588577626829
0.7632414481621477
-1.2449929475952854
0.6028879499229327
0.06884339274342913
0.08388332559776805
-1.077780499060794
0.2112948502799454
-0.7574077439513733
2.066530056299292
1.101307031211916
-0.2221673246935626
-2.548377218600329
0.2535277052238762
1.433751651551782
0.3580068167560976
0.21732614968399436
-0.3773369785718574
0.7542826230767609
0.7117407566027005
-0.180422100949547
-0.555687276642048
-1.274540014065841
0.5749815569440739
-0.7134544807724146
-2.976783173627141
-0.039993540759074936
-0.19505015717703228
0.2513845310848835
-0.4257678219968989
-0.13973197165256845
0.5852108791019683
0.5449297773653966
0.5883065218601494
0.44419168704771644
0.35253490665371096
-0.7551751887228336
0.6230054621633621
0.496275181908199
1.22851556252698
0.3178336054175205
0.8320369301089043
0.5093106009497448
-0.5472951426433917
2.0634270754809756
0.6285717103891098
-1.0674381076165913
-0.163912479955233
-1.8918617209834285
1.0370008443829801
-0.18523091592289886
-1.0294851085897931
-0.05653144592963404
1.0301422964694755
-0.401269866088618
0.2915120682034382
0.5486190618791333
-1.227377694770596
0.7867892019082857
-0.4937610673166786
-0.3573419278123241
0.4571426011634474
0.8133016233178867
0.5591798224733453
-0.7544448312695272
0.0030258342864853344
-0.5074525160032813
-0.5602762316262028
-0.009899448355577994
-1.2835186480806067
0.9578857988103915
0.024020039469316634
-0.630233210694696
3.9111330148695456
0.25781813789940206
0.43744644492695256
0.420660258852874
0.47246019442308407
0.06102297610748703
0.005933991323744501
0.585667286359297
0.5793773168905014
0.48317293947997336
-0.48927371901058714
0.17674649003968668
-0.02212480340166334
-0.7532215373976896
-0.16290689394460228
-1.707218000377178
0.8234716045679131
0.09473668354029784
-1.7660337330369662
-0.2341424007614997
-0.5222138909850221
-3.4902087058404843
0.21273239852530093
0.37108908643913485
-0.1986897086073982
-0.28288465764438475
-0.907042608026928
-0.5667276052611117
-0.7209541726778791
-0.5483499701238007
-0.6286451478460325
-0.95999059489539
1.0821088514708315
1.55550006888923
-0.7977199880795655
0.35943971156940224
-0.482553364577162
1.2699740532594452
-0.847362735521026
-0.7110541490362685
-0.31297584982137044
-0.7818309180514567
-0.12047241232659898
0.8666225134377212
1.2243425962304257
0.7591678489321867
-0.46690746494038177
-1.9340048314372633
0.13004911714670053
-0.8903982212114789
-0.5232891102015389
-0.2432858856229878
-0.7996118024978195
0.9631647612087367
-0.6467054128445662
-0.061483044376697146
0.5124667381279117
-0.14022793266697478
0.024040193608132282
-0.9727555222478858
5.582095713731529
0.6915411521616738
0.7144940865660674
-0.5923309481879518
-2.8029098566723514
0.730746221064959
0.24469549330845153
-0.037961950667462455
0.9550329757951086
-1.151421998209209
-1.4361911430586232
-2.3486927590192432
-0.410237792133718
-0.7466477691955928
-0.08193293681809188
-0.5850632519135612
-0.3885274077975861
-0.16424637685152516
0.38891491168553355
-0.8527952248826232
0.5580959774270179
-0.01451537967668191
-0.8453413006467031
-0.8471339753061936
-0.9494750699536646
0.6337972773654407
0.011934055149382483
-0.025850891863714736
0.7543810147579283
0.247211011100817
-0.6500046051171572
-0.7586043674674041
-0.8350509214950168
-0.8537544430915192
-0.25341521840270953
0.49383881058797496
0.47473360300350254
1.027463121494536
0.7285537552119252
-0.46223896864494485
0.9198481920267115
-6.156885618432569
-1.5348667279032084
0.2121533248735326
-0.4816266921728162
0.29991866945208356
1.9674135508910395
2.39140513194435
-0.16143070975488033
1.1968582362625901
-0.16530687879675832
-0.6932757685029358
-0.4974599619588375
-0.12201240855057427
1.829035934086212
0.014022801161558587
0.960409918359175
1.2213324016711395
-1.1133448396373413
-0.6951974463001723
-0.20738157647421498
-0.58413986385866
-0.07344825323410384
0.3891214555846306
1.638501730021204
0.13863466033980767
17.54812151167231
0.47957274355698976
-0.7219523403319089
0.1494108409361826
0.33530781930610415
1.125390135103277
-0.600478455592945
-0.30117554830214144
-2.192491289299772
0.4364365504498322
0.4912917135428128
0.7030010790031147
0.16038053810556174
-0.5044144283929483
0.5279684649132227
0.20540716256849428
-1.3858764844798301
1.0773599758704608
-1.2887051197190214
-1.2910699684759053
-0.610382670553621
0.9303067883088778
0.3112878894440422
0.40046012500461303
0.43009924751391493
0.03585652952445689
-1.1736626231299088
0.2487242840688076
-1.0158111676764796
0.23755554227989323
-7.408553394667561
2.6628453033434147
-2.1273029211811663
0.03046380003919171
-0.3102781864561373
-0.08455136200106403
-0.4401482754044424
-2.1641123048751605
0.19888952968858234
-0.0781550622170653
-0.5611038239990103
0.21109027313492892
-0.6510313616927091
0.2933134710434226
-0.24140666774902608
0.4786803488218349
1.2421975781705688
0.602267428468383
0.01392002915209671
-1.2705647666094448
-1.035393275610525
