-1.4426113320749232
0.7060304624222609
2.174985501126963
1.5306123943977001
0.6900569919559659
1.7568217272051572
-0.31483958190974987
1.7394363473632277
-0.2513048868561183
-0.6976195992752955
0.18396478685127932
-0.6441947379283779
-2.577304910851832
-0.6962931823101952
-2.755177952459604
-0.8727776974785466
-1.0553093266752982
-1.505054910906277
-0.8241861688471036
-4.884152479721276
0.07297833922810552
0.9123980874476596
-0.4879653028633217
0.5746723777218381
-0.9137264455951631
-0.760318619259843
-0.5414076335779989
-0.15930726760557834
0.09654398470532098
-1.4731304883426888
-0.20496931025484144
0.1649869539662277
-0.12870441558395412
-0.02041651777772613
0.41403245904723546
-0.6354450684598022
0.701090979959228
0.9962990426960927
2.2547740196278974
-0.9566098468051863
-0.10824466918929054
-0.29946409439687094
0.796732221942833
0.6805132449357644
0.27261953148802165
0.8719911942008467
1.3933384476151853
0.2751856114449041
-0.23634571851002423
0.15975892002278083
-3.8257759018210176
-0.05019171635491988
0.7110760872374627
-1.5117106683154942
-0.06988486828507767
-0.09003010544273338
0.7826296540024336
-1.0323661504274435
-0.1431291360770533
-0.2630224209766568
1.0568123449998204
1.2990416061648835
-0.5096009554048628
0.23807077508705884
1.1775968069984724
0.48537691511381253
-1.1712539496344279
-0.44875254294385997
-0.328994574806477
1.1621283684436199
0.6102798249071778
-1.0110168471063887
-0.6875882373106149
-0.5128481018112063
1.3601342890876345
0.10446504386416144
0.4148398200865181
-1.8996828283331197
-0.4638085566410475
-0.6179206187578561
2.103260125468818
-0.640451017288216
0.40446778609141826
0.898052850203654
0.784070153880083
-0.8594147248503532
-0.08666832351453685
-1.644023492305026
-0.2146225852557053
-0.1535353835285539
1.0468407327182792
0.027478024163491183
0.1953782894360845
-1.464284317970239
0.6086538275870821
0.8799002280290167
0.6478324360952527
0.009828162007337188
0.7827584230277725
-0.4171494432632543
4.997066572504673
-1.6592252416395596
1.2694834520950506
-1.424824446639431
0.4212850683039353
-1.3918872918257275
-0.9814340942214033
-0.655851808279518
0.35029424791650754
-0.057014817634692905
-0.6338978107855189
1.08001734971015
1.9815880410174704
-1.2131904773134812
-0.48175120779409647
-0.5390694709951144
-0.758059211149153
1.8067374974199657
-0.5605700962683777
0.6699591117144599
-2.283244854210225
1.2280868738021513
-0.31584161757900436
-0.9879891602881818
0.36243909742230535
-0.5700593003508556
0.8586612543115555
0.9560630105217413
0.41709136801749624
-0.3330093413325076
-1.4158002501216154
-0.38806272042723317
-0.28490123066385575
-0.03840633728125414
0.06287428502391168
-0.552193657389534
-0.2361573075492853
0.7963490740268799
-0.09692781800869453
0.015036575197338697
-0.8995410251526478
-1.5211002042296111
-0.5949696863202732
0.8007885068842291
-0.4362397632930092
-2.5090643086175994
-1.281591754492466
0.7273092588515874
-0.6227459355182718
-0.582267990833052
-0.4007917603323943
0.6600730146295708
-0.17564314785114316
0.3193603435307233
0.21352156245647474
-0.6700805864707057
-0.17367579154564294
-0.43289494509149623
-4.439359929918855
0.10803675194394641
0.05513710827813369
0.8658706631500763
-0.35707472749157165
-0.17245243439955324
0.9690795216430059
1.0901941183117143
-0.24275747748837867
1.6412797145176907
-0.3555253425870306
2.2997746564957975
0.49822367554007374
-0.22362670364247775
-0.11570295451288233
0.8644323688930988
0.2657924735396856
0.07392163153907558
0.7378923936144972
2.7983323038156156
-0.7237474489597316
-0.4977356163694444
-0.7959892467820402
0.254853057771378
0.47758549862190597
-3.1587324555097043
-1.9897331651473709
-0.37189283428423603
-1.3923498503225784
-0.44332212534730686
-0.42119309799196425
-1.0576384898225293
1.076107789880512
-0.7998974784853886
1.2249950738539521
-0.1630005051748803
-1.0614711182662149
0.7518525270272822
0.6352343976974963
0.3329796728781801
0.16711004916632755
-0.7235592434408917
-0.8021525475118949
-1.0129580441985184
0.02721520253687894
2.0865683527064514
0.2504914680840293
1.1938217289633377
-2.753762527495532
-1.3749183306584472
-0.0020220439006295244
-0.14979017628864227
-0.8375478074267985
-1.0995166104587182
0.3211854627825709
0.18327060505621848
0.6191345159374442
-0.2848993102713735
-0.25045108801663235
-3.198006835381893
-0.2453177600742787
3.9332875488277286
0.18679285577569954
-0.5604219212704159
1.342970769214015
-1.7056183067972088
-0.9174353747182091
0.27598446709751256
-0.5661863900469709
-0.6018695155297349
-0.8116853408946413
-1.0433536211734091
-1.4016347762712953
0.023190904127093463
1.4713874573836927
-0.5472250030370813
0.29342465524272543
0.07279475185819283
-0.14666337244801567
1.029254178564404
1.7104791136929058
0.29981748904434263
-1.0103774316832177
-1.3068508535841228
0.4974695069206142
1.2107153197988245
-1.0440491316500489
-2.9914280177888526
2.2384965055879076
-0.17089079640324933
-0.022748611122059594
-0.5017773347606372
0.03255970898300198
-0.10341754945753834
0.002923220622621186
0.9619749327707056
0.2429006587615888
-0.018704318284045562
-0.2489408492475676
-0.24213741186602955
0.2732065740905595
-1.139901892508868
-0.8198257013937923
-0.22661439547688111
0.8480932235561179
0.8004082088272131
-0.9878478301353042
