0.03323431334442939
0.18825064183139786
2.3614674514580893
0.1094873260815499
-1.5548249708119837
1.0686600603494028
-0.8745866482857486
-1.1754165430249857
0.8626680272884829
2.4973172460004345
-0.23630562165252017
-0.07002294354530612
0.15530212798631207
0.6430875315331525
-0.7284484134304643
-1.0377205487795766
-0.6192475950122976
0.703803823627951
0.2061555054638416
0.9121330499879234
0.38038541765079475
-0.037588150319373244
0.3586097148024245
1.7388350179924263
-1.96913484806909
0.03472391058020203
4.62113182843372
-1.4109018809879732
-0.2752756763234912
1.285692360008499
0.42869041306677025
0.6246858231278819
1.2438759331751978
-1.03058446677372
-0.15949305037973022
-0.12139218056231824
1.211412508149824
-0.06462207359198152
-1.0664818332585095
-0.08662271158845661
0.7540197818398007
-1.3561807904535412
0.27949097383941446
0.25392330322070206
0.6378465515934716
1.261164744521221
-1.0916090946607586
0.11671531523955207
-1.2829115136388238
0.2203448773330288
-2.944072728043507
-0.7540598526560601
1.2671740079313314
-0.32762621912851264
-0.16045218197429825
-0.006166157818289683
-0.8037860134677185
0.398030418533622
-0.06943439626509859
-1.8583785540324214
0.567264561360778
-0.875168701321426
-0.8351748549474498
0.4434094850280528
0.11330203749684056
0.34210231654622303
0.08186352661939066
-0.3280536328248794
0.2106767330049862
-0.5217393582879795
0.3937631689352814
-0.6313764318145678
0.2883638539098813
-0.6171663384179185
-0.5224640641540751
0.5111572288562801
1.397245401972479
0.003706006750597124
-0.4183582530196819
1.0117053365316153
0.4595662536832796
-0.05088605206303958
-0.12608399108687268
-0.014513656335015461
-0.9284554211901452
-1.9637108137250816
1.0124837396056636
0.019641246879272253
1.7293520234491133
-4.180298771488982
-0.8621581660674564
-0.5940210589666789
-0.8080819834209855
0.05831109532395382
-1.0563617471663125
0.2682746413929301
-0.16197868383250896
-1.0010260476661346
0.6906130814582518
-0.8820088938698152
0.9699704619271425
-0.5451046669139742
-1.4835421942497655
-0.08518601797061627
0.7147040979049786
-0.5499109937982435
1.2947510542363618
0.5138897055690584
-0.3520244726071412
0.506344528598099
-0.5253084959821457
0.9345895747956277
0.6205762104869395
0.5186193313643175
0.8367564582099714
0.8275242579244501
-1.0270001875945451
-1.1501179003663293
0.1941841185937308
-0.2468390365818555
0.7257200933442565
1.1741877980578175
-1.0397553754617088
1.1481177854470122
0.31540253509529753
0.7686800444158337
0.8556736691392376
-6.66668495339364
-3.1446716880869063
0.28446861721701644
-1.3880259950070952
-0.8552296728109424
-1.3238627849364597
0.6272625522802234
0.757161446486964
2.8143759092217375
0.24299084113338004
-1.1081141437499185
-4.480359550576672
0.034256751864698815
2.0286269878064065
-0.4846069431347526
0.3648344616074598
0.7800504437988773
-0.7797035123079583
-0.43001927658914985
-0.3460703534834626
0.25611147763738035
1.262575139991999
-1.0738761672439658
-0.8297878939548867
-0.9948656487569078
0.4084334823383265
0.14654241544233476
1.813465403737645
-0.17735184844733276
-1.0958914067420065
1.9668261159869436
0.34395470622465657
-0.2198124002948214
-1.017291890161714
0.024972758319820876
-0.9758537819111657
-2.389886455331376
0.02756596263286048
0.30471197794537336
-1.0785702123571619
-0.3934757925159201
-0.9473136816630419
-0.22935108040572835
0.7683403534207364
0.6315638176185787
0.5504740907391832
-0.11886369751991084
-0.9997172031808171
0.8016669171414608
-0.0017656154001392489
0.22693330045984056
2.7546688224524725
0.29473577246464816
1.8178511384485052
-0.0828962492946718
-0.9580698408266999
-1.0284750006674148
0.04550750493350314
-1.0205466816281827
0.15034547476437857
-0.21091319336582362
-0.05719370166024135
0.02898905808432264
1.800695064021135
-1.3504809851280954
-0.04702569935960481
-0.21491782378173369
-0.13397915467360427
-3.0582861165167294
-4.891231624917839
-0.06881814539288716
0.14112604491743266
0.02824171094373597
1.046691926899954
-0.5822154177614279
-1.1662329999356837
-1.8513852099987325
-0.6906895101336177
-1.174939542429956
-0.22569995394265352
0.10269417694549758
1.0640025878986215
-0.05596268701796185
-0.9226070509762012
1.3475381987301587
1.4531185712686487
1.2751976630981303
1.0837556786608118
-0.6619725004126992
-0.007450628572769432
0.8941867515924604
-0.06091542024623545
-0.19169214511416502
-0.6301410764525588
-0.9773489837500976
0.9582281961035055
1.4491795415276465
0.14091827661844547
0.3561958763605978
-0.7469692262253587
1.373249584400386
-0.3258837877147606
0.4842631513113292
-0.029787986277587133
0.7130339981330217
2.710056914808038
1.0851347263071203
1.1846807646097601
-1.011567064830998
0.038113633042617896
0.20142572606054748
0.3328892814826555
-0.9151246842816005
-1.1509127991553343
-0.6736935045362542
-1.3636446796950334
0.21892541782143227
1.0395677230181697
1.2603995327428075
-2.1204119215347945
0.07797021198764102
0.9462019883487734
2.1544096614567882
-0.2722294163083881
-1.1771692438429473
-1.342036591153443
-0.00888166521157702
-0.11222879215926768
-0.08302997229505604
-0.23923415966517766
-0.445795092506073
-0.22140776610565652
0.7503298880408831
1.6733177965642152
0.5542337964353009
-0.6272175793233017
-1.1644601905379608
-0.012201292299779988
