0.4937583041775558
-0.019186816394283757
4.242204916767032
-0.2018637657066964
0.5716436533845999
-0.3142282878283383
0.023809105190536424
0.14033318995285446
0.055282966403106024
-0.45103707150109695
-0.3828758709323285
1.110670581770436
1.8448627074994666
-0.08273496128874061
0.8790454619186798
0.5372885149278772
0.04872008262305369
-0.8367958310606605
1.1528817406400902
-0.9671230805064891
-0.17815743416584137
0.5750768339163932
0.5722936507376177
-0.2511851763612627
-0.03565227004863291
-1.0042161190960293
2.8363969148925023
-0.15737369973173918
-0.055506797201090974
0.600558737952089
-0.7559921424160109
1.0984495070273224
-0.7285863708798288
0.5066547917134517
0.24196388029237306
1.846805232325318
1.495506820800808
0.5487128301604481
-0.6287828532477782
0.6060192302156492
-1.6249060327141085
-0.045244231442040754
0.5106847554770855
-1.273242797013864
-0.34359841087746323
-1.0083643437967198
0.4882745360314617
0.02324333951891873
-1.362151631580537
-0.5005712616788731
-0.92719145107354
-1.9699037665072632
0.00571972443843834
-0.97376889944568
-1.2879037741694697
0.13481665212358204
0.3352141472613701
-0.05257555710696481
-0.27341768841777686
-0.04436875562173036
-0.8276443923137795
0.46852481282522895
0.6925972602263496
0.7123990781082432
0.5578854763558172
1.228045907241428
-1.7554913693291532
-0.8164982330824628
0.523881158640442
0.45502804882762526
-1.4410133559697351
-0.7767680982900884
-0.06596341168262575
-0.0898176917519019
0.4631673374369722
-0.862671208403871
-0.4116160061875195
-0.612597960108407
0.7472398286482165
2.03712562139359
0.19676921776369508
-0.21431832073551418
-1.2539796171524444
-0.5632347217297745
0.2579798906640895
2.0405149410836105
2.035202610559562
2.0235584926076524
-0.514580293267099
-0.7451472494031619
2.9136907250099027
-1.1861843590864216
-0.7913918438246336
0.850766340879762
-0.9643600725285119
-0.3809059183916038
0.9752796790795832
0.21668559185654498
-0.4996109754460982
1.1006989410155883
-1.9388108997527613
-1.0634232798507106
0.34932494671238573
1.3620351446809968
-0.3049486726692046
-0.7683567612722402
3.1874852087424443
-1.1622282553978793
0.2663837335710669
-2.087643202089414
2.8341017805305477
-0.42278924747968194
0.7044706344702122
-0.2765146218522298
-0.7971576881213982
-0.10128079940482423
1.412848863281338
0.37572468221457683
-0.07178032525821598
0.0042753783170686385
0.8778345052930043
0.45863155355719953
-0.22833250846111083
-0.7585786537725993
1.3366843317908674
-0.3354379365933766
-1.7437414683455554
0.15072895662826755
0.15699802134922203
1.0345329457857133
-0.06031940288811835
-0.035645864936505116
-0.5747000983682169
0.26408929135977344
0.05051522730867778
-0.2640731207768323
0.2979613632539779
-1.7244794644323498
-0.8551867249671499
0.16509705281278464
0.8732243695703586
-0.16434889842359013
0.8403881623921078
1.7864522273239747
0.35836026034685764
0.8622881551112027
-0.6222955756547225
0.6995161199229067
-0.6242475461634556
0.28073048153923197
0.42035296691983276
-0.4489783478702702
-0.12485867219935054
0.062561114195372
0.019416333650800602
0.1405642269610182
-0.23264166564140998
1.7470113616926213
0.6595782245006012
-0.8995202653262375
-0.3179679283079277
0.7892668570311422
-1.0751805385873905
-0.7840799012977695
-0.19967931444682038
0.635055060705582
-0.22735192673746873
0.6996529777179796
0.4675799339066834
-0.4395412312375339
0.9221907501233089
3.439953967474298
-0.30274461143437337
-0.5442420114560018
-0.5951576111013306
0.5305975115705666
0.3309173026888317
1.8941741487203683
-1.6523795212364014
-0.767334588988081
0.3598069071380615
0.37616824938445076
-0.6228342876161171
-0.019091998435601564
1.9823655183498705
-0.28864001701134323
-0.8014239328620515
-0.3001379424040195
-0.5049854046211963
-1.281406906780862
0.24552880288975162
-0.6291863864019106
-1.4290599370337425
-0.17156625822807278
0.9108758832791424
-0.7070406576372127
0.38836210058322496
-0.4291619846732261
0.5408021751432189
0.08420784821437706
-0.0219071900376376
-0.727877526345378
-0.6975639072671997
-0.5083868532225088
0.6270223904815253
-0.21408318614895808
0.811134960587392
1.4510369414503939
0.5402625538254415
-0.2443254682759735
-12.173546360406771
-1.0339593110135017
1.0390844425678378
1.121569629082541
1.2292683062164216
0.11360788628593063
-0.5159851174182786
1.2326053169204116
-0.11957597129354107
0.5761478815913448
1.3259705685323218
-0.38822294171138444
-0.5279883029393435
0.003422568833669974
-0.5044576715339322
1.4428296803392193
1.7270790150067086
1.3997326959774343
1.0927069808574799
-2.992506523435687
-0.27343124595150664
0.6899581815943686
0.2682729022808809
0.5992412636176458
-0.22188557352519828
0.26952639190577143
0.44540115930054325
-0.5323615309680589
0.9779204570169618
-0.11096991150563737
-1.698986925540509
-0.18223010570787254
-0.14992251097672524
0.5271971153757982
-0.7946917843943451
-0.4704216280771087
-0.48741108233631375
-0.41456749834033263
-1.6938158052504502
-0.30533980290034707
0.5477351681560381
-0.6826155592932714
-1.8533804845308413
-0.033723201981960424
-0.9691179806971681
0.49074982206645845
-0.8914910366432565
0.2735411774985907
-0.8601741788720778
0.26976897419295803
-0.3811739792453873
1.2410729423137463
0.5159763590842017
0.09085196414812483
0.6548579717438102
