0.40406942121317974
-0.570015491742491
0.0625659431436556
0.08424074238679985
-0.52259159084885
-1.4207563358830015
0.8734232881764686
1.567855586344978
0.5568111047364178
0.3087680906745573
-1.4936987758475535
0.7381143591083782
-1.5364460621979568
0.7790192355495797
0.5824311574813564
-1.853825588860081
0.5163357357459938
10.103464337893037
-0.00480003794144479
-1.59405646293356
-1.7545484988892306
0.249725480422888
0.4680982198518634
0.22594669780899984
0.6579346073853075
0.85364205135179
0.6222084629093556
-0.46309086428978263
-0.9831822535993131
-0.8591714411158927
-0.5977745656531673
1.0145857478922489
-1.1017963807306796
-1.6643054334298668
0.4959199221686191
1.1666455436158951
-2.2321933535112652
-0.28295935054888405
-0.9270434837135006
-0.5565930603020203
2.1665441964827497
-0.4545751746973557
0.748501346376891
-5.2052575883311505
-0.14040304057524808
-1.4376978525941013
-0.3287292783158727
-0.09003955522818542
-0.5912883653837901
-1.7238931026285123
0.7663387910992754
14.202610774197932
-1.0696148160518628
0.7278235771716136
-0.9433623343677497
1.0317510291274432
1.0541555015754558
-0.1903095995168638
-0.5740612441279613
-0.7644473803028434
-3.790859689888568
1.1244191828010148
0.03923865866564909
0.09665677826124813
0.03200410357223499
0.03597655272802569
-1.1917030270900362
-0.7561840410664967
-0.16767423555527297
-0.4916315191971665
-0.6677354537596047
1.8231241617504115
-3.8161970183723293
0.5362385334987706
-1.6943151933989606
-0.17559138405060315
0.4651805687498961
1.5076489647926168
0.3739749012485745
-0.014934704214925699
-0.4384372916749436
0.1124905178435271
0.9621249658323943
-0.039519491366874535
1.0925890202485387
1.4096772686934542
0.5965331550068615
-0.09450930368616439
0.022922573875017338
0.4101996903532973
-0.6584474093587033
1.704598247107999
-4.09436205739571
0.6354850565175436
0.5629308592281541
0.14449483349710168
2.3017044133351527
1.6072938142975457
-2.282428761457296
0.6124026322595477
4.3648762030742425
0.3976045160712438
0.28780475735159233
0.7767874102894957
0.4014080637143097
-0.15301794809480795
-0.5291758647004497
-0.47264104665909396
0.604467638135245
0.046262530018303175
0.42511979613369194
0.23496563080434302
-0.096177145222742
-1.6507844220728647
0.0766096878091386
-0.8372731713396083
0.04653270889518192
0.10602107574080426
-1.2916629226237284
-2.5069286716176737
-1.0240452492875398
-1.0832580077517628
-0.3692993400758313
0.14534550584737782
-0.9910878693522666
-0.5262906472278011
-2.051134371539889
0.23924188199758845
0.4522233636154658
1.397855875543643
-0.19615937314397933
-1.2782314514564932
0.9321155982469109
-0.02270562330923956
-0.0012243198552572554
0.15941272645949153
-0.4142224137723129
-0.4662392025611447
0.6798020862756223
-0.16058597976804012
-3.1847090187492104
2.1753129388120875
0.17219509577883788
-1.3618383814882735
-2.535172089024252
-2.2516989161674057
0.33290521213494306
-1.1163943162856573
1.2809025083601446
0.7284974121264017
-0.25858806396020134
-0.2477324269173966
1.1764739633450363
-1.7205965962579362
1.262445819836079
-0.8748170430240029
-0.057716265459485924
-4.647587644970207
-0.5294401202256472
3.198197017560686
-0.9286828456416412
0.41262747881619455
-1.7899926624971072
0.6701390422662875
-1.9864705504288418
0.7302587621357355
-0.8474747308038506
0.8927750343078072
0.6303128918665225
5.07929154552396
-1.0497917111278816
-0.7102126160833211
-1.2253001135192474
-0.034164890611884276
0.6625927698749947
1.781402650294495
3.1724067705479233
-0.34379864572076096
-1.8108193804220292
-0.30146182365930346
-0.6277310783892347
1.862041454854984
0.02431883009945089
-0.4941210265803506
1.3995165588207767
-1.3178724903282317
-0.09805960132852
-0.13596292241957145
0.6312879470193178
0.8811259988867534
-0.1251514749017258
-0.7863907336603988
0.1439052889352171
-0.16194749363838531
-1.3824180092965033
2.1699566358831825
-6.783302310519924
-0.44919131085321223
0.10477357773899626
0.24718708555125735
0.9061304545338456
0.08742047886202114
-2.5841134385089357
-0.7547542807894745
0.8934915969022654
-6.0572022484567825
2.601699279468192
3.061915660270607
3.465481814874374
-0.7205329506928275
-0.11156179294477343
0.1422285571420865
2.13612619560897
1.8122370065119318
-1.702326843632326
-0.3384644781322755
0.291825191102814
-0.5811343517992285
0.49803323575498376
-0.7835378903454215
-0.5272557803752103
-0.3798793670604796
1.0484727265262896
-0.012876629149140815
1.0717654611851406
0.23836518108964727
-6.568956399133015
3.287758972273295
2.0688469824848017
-0.12216071405712585
1.9368333923382768
-0.06256649544962808
-1.7579965151236565
0.5857251730929972
-0.408663890798884
-0.506467467845322
2.7169159579516733
1.0190090071196947
1.3894789553327564
0.46954935719587193
0.8510681678635853
0.08832767914385997
1.0080547668810067
0.08437206906418084
-0.9457729701250195
0.1356669651047873
0.4139839803391794
0.5243808924327944
-0.4947629873596029
1.5173528697497956
0.4997055988897701
35.59537500089106
1.1416437826371602
-0.5006506798449104
-0.8796546758700082
0.4374368073336517
0.5179648968267934
0.10914147420236844
-2.1257484859373688
1.4205716929429273
-0.36644962130512454
-0.6492019919059354
3.249457174358651
-0.010855173294994351
-0.11843600064793228
