0.5152962289296632
0.3312565114911168
-1.0804094468196919
1.0787479361716845
0.6682688949090925
0.9425827245371871
-0.5377798983190176
0.0010662543338377907
0.012292347145117403
-0.45715442719839877
-0.8160570801915112
0.0029575184140380804
-1.0431893538385753
-0.4835320657443235
0.7884276265292346
-1.45892096574691
-0.22555875366958875
-0.996027014172781
0.5184316843995299
-0.21603024156080738
0.6697056539308538
-0.1063779821756946
-0.03904241770121697
-1.0411755386434078
-0.24995180456012545
-0.906107468658148
-0.19577832346237012
0.7580099632926615
1.2257573912126312
0.18314372693803466
1.2494609912779677
0.0006032648950949345
-1.1998791333167367
1.0376417256927668
-1.2050403292010876
-0.007508254881750428
0.03689527098650856
0.964035230203949
0.34680003671256066
1.7969021231610502
-1.0017814257636495
-0.9351969675730961
0.1351390461239924
0.6175176945695094
0.3821216306871815
-0.3864164817499575
-0.8593672865696531
-0.46200187356897915
0.41942676499546494
-0.9401501240701231
-1.0439492753605675
0.6094678263490213
-0.02723137683870951
-0.04778867627454071
-0.6280226446345473
0.5388090782024365
-0.28240099455407647
-1.2724038213349604
0.5777182460336124
-0.32730854622186095
2.5247953323548247
-0.8380081323432599
-2.136261833954464
0.5316640249362473
-0.02770598518538954
0.6511818001697743
1.2084727604489993
-0.9767969136948448
-0.21845522855270305
-1.05421734769373
1.0546120308677236
0.0016730221610784558
0.00895032113024167
-0.9314342958932751
-0.014203656378636433
-0.02929027241467277
0.9776325040079286
0.9608695402274989
-0.6832506409587511
-0.9537438515432867
-0.850019700654419
-0.6971282202711522
-0.08225611699661238
0.9911722856988472
-0.7060905013110471
-0.9898145811821222
-0.33212315692525884
-2.155752263109332
-0.8392995591901584
-0.6097416801794697
0.7520964843858102
0.031173269618554697
0.9350854298082582
-1.0080072799543756
1.347077766435281
-0.9896618442376366
-0.9238976766649856
0.5598044178776151
1.0694899575372703
1.459884939266804
-0.6294394330185258
0.7576311875003073
0.7625231651480504
-0.338244636925821
0.041574945915554065
-0.11563402612505451
-0.9624712846836734
0.01017599459655638
0.036507262478871295
0.782411086968576
-0.9712433376907907
-1.3467563622643686
-1.4905003723664136
1.0035065503430538
-0.8416120475328626
0.9861568603452573
-1.0286032151499558
0.43356172570808127
-1.020470734247396
0.042870120118325895
-0.921867870776097
-1.0327511363507451
-0.12988839344416
0.1329570734394716
-0.8765409528933008
-0.0815794084471619
0.9965783458412809
-0.9198418032930477
0.039019578320282564
-1.2871861828155042
0.2765803650956319
1.7030955832508128
1.0675711307820113
-0.9731502514033535
-1.082148068491391
0.06262284798435823
-0.06020337326546184
-0.02629555772643283
0.2405158126249381
0.6627604091111314
-0.011698945167003172
0.892023669822932
-0.5104803478586164
-1.048240594887211
0.9799958419847203
-0.7549685218970354
-1.0414631393294906
0.10997598747106813
-1.0159869259845555
-0.5195186144839252
-0.9023821780814156
-0.12922122119958623
0.9760465838249218
1.50802787022256
-0.939869179254303
0.3649721170158438
-0.9525789940656714
0.095833418184234
-0.004399756336762443
-0.48742929385561345
-1.017784653473211
-0.49547098405525336
-1.1030808747535261
-0.010838923932167885
-0.17690900747353883
0.9379106117156674
-0.5667516742081307
-0.4390823540520819
0.6958562618344306
-0.12720330024790974
-0.28443026797952947
0.002133108005877686
0.9345342727059758
-0.2121919312628761
0.7358899124168747
0.18902794764757413
1.0207352280040007
-1.5063577484969308
2.0720548373626313
1.2057189328156417
0.9548999986521953
-0.6217463905177624
0.9413150650377451
-2.2771551303195947
0.9957846832404199
-0.7435766521970886
0.8762610540739916
-0.9913487019155219
-0.15176259989020896
0.12818852098401434
0.05655463995191804
0.053053271211103384
0.5573047624295895
0.3948706422407236
-0.8985546374944188
-0.1680461527840815
-0.47202509116686175
1.2680165805217132
0.30315326649001817
0.30860859846686206
2.554851438419984
0.4439765631425228
0.014251831371588506
0.09702306678617481
-0.24134328989629078
-0.048792884194729214
0.8313772950115751
-0.9237568706700354
2.8171152480141606
0.9966272515181666
-0.9934075541047507
0.6185027773687968
0.2492693948540632
0.0711380727521578
0.5343094538027536
-0.8518858397921708
0.3017866308225436
0.7369836824174986
0.9344769455480026
0.7960301834939915
2.5372446971177984
-0.30524865342135826
-1.7144221213579536
-0.052043970294671824
-0.4411216290716849
-0.42637286560326476
-0.44047560458384644
-0.8571664183007254
0.9111321448976107
0.8965348913852595
-0.6445965817679895
-0.20438853717550928
0.17183032361388545
0.3625437424157956
0.5725180852353988
0.6918102091282146
-1.1665583123848875
-0.08155245361654267
-0.06953610810743498
-1.0839638549948905
-0.8501716838797758
0.08389153805188071
-0.528298875911015
0.004691462716235867
-0.010626408117855942
1.0077318096982795
1.0352235534428142
-0.04696473092639605
0.05807885758099284
0.563427262050493
-0.17694754405635665
0.09665607520871243
0.44356743596336834
-0.527376375130622
-0.3883049955402061
0.11218077632712478
-0.4446103207150478
0.030687009912837602
-0.00019767653725804413
-0.0638226565010845
-0.9721407799224895
-0.22821170100436897
-0.4490244736333511
-1.1002417773594524
0.31409495332041826
