-0.6068912209089711
0.129078564624252
0.00768401266499629
0.7066645727016831
-1.0656778790070414
-2.3787410995178857
0.23789489480296824
-0.28399889407111123
0.6831975796272209
0.5449695963324537
0.1714062546286463
0.02739129957156769
0.24413995116804504
-0.7519911980440681
-0.32621434101000824
-1.0924257280969618
-1.1685698392697066
-0.7197918547857824
-1.2098385740658937
0.04705219895099139
-1.103052044474069
-1.184071184387021
0.41658927056370265
0.09365007486816804
-0.17400307135631787
0.25069402188580203
-1.0365614772995022
1.352597406676162
-0.33458389803167243
-1.0702991914041924
0.7106937706103125
-1.4614820465244
0.16211982871588038
0.9240485144544144
-1.4379369225204264
0.16571188059470277
1.736078312388996
0.8884723484559708
-0.16090526028351845
-0.45834866244007777
-0.5552808236811698
0.4800498740881548
-0.5146524996369031
-0.13201043903347393
-2.85341202425645
0.07780051467554654
0.8127866762176247
0.04978086854737193
-0.13339374486205413
1.046879426624745
-0.31533168392255884
-0.4579834348030441
-0.29352663164722936
-0.181823334981945
0.11061162039887021
-0.009816891257941579
1.1351315576586845
-1.2285930855575533
0.3754862111186964
-0.31142843376390317
-0.7102867489040388
1.2044094671510293
0.5729842093205051
-1.8209539614436807
0.010688133355915262
-1.0442088735757675
1.8907960051194617
-1.675750277707432
0.4127240233563394
-2.4250437288047872
-0.6883146021748096
-0.4225277411222822
0.8047351224049912
0.4633836685580646
-0.12646716257078172
-1.0711816298399297
0.6841726311720424
-0.491475656112537
1.02115141416558
0.17646575326700603
0.180415789592979
3.846089434065723
1.0411119124939487
-1.2087096048769868
-0.969530062189853
0.16341900929582037
-0.9229474172274341
0.3467910584058766
-1.6964056985769709
1.1752683215058872
-0.42884673885890084
-0.07721844671139995
0.9645134930789555
-0.42397646691907775
-1.3453158467898492
-0.2933230091073422
-0.11445878283405729
-0.855172943416516
-0.08896826608005544
-0.029651027183094716
-1.3790370623629624
1.1795917424608073
1.0755667287678283
-0.7809679530819063
-0.4739332932509791
-1.2934959663935246
-0.9466117080065981
2.7260215875768665
0.1750434170136805
0.3275734690515916
-0.3125443166209164
2.2218561871735765
-0.01119500743521823
-0.1820403909426772
0.3059463815819119
0.7985813723629342
-0.939691064020807
0.11025246887832515
-0.34044253354331844
-1.106987851725832
0.9596629922377204
-0.2022451401711235
0.6884669429819741
-0.8648245660544648
0.17650249468993198
0.8299110683618104
-0.820817003552395
-0.5062509344067921
0.929156442710981
-0.7432506618160406
1.4657196779063213
-0.17871307051482993
-0.4580876805202418
0.0055162445673978796
-1.1118828112966765
-0.767476768619606
0.03970060577365205
0.5861078561679238
0.007106370396533894
-0.9159663148286787
-0.5651634778436111
-0.37455769254073945
-0.19437731964476757
0.6989943408609126
0.9687987050503328
-0.6269006390227078
-0.14108981371713228
0.03841703774341884
0.7370234944543999
0.24686766646409997
-0.7661024623570858
-1.1575929252817947
-0.5199533247729695
0.1991664000769993
-0.9417306237967868
-0.9863822594876416
1.0375380167416162
0.23308647890312037
0.17995092217321568
-0.7391055418518898
-0.5680428435211315
1.0506172023672544
-0.12578222966327976
0.28197541356723305
-0.15392679895245623
-0.7704835100581716
-0.487771521980038
1.3639709570747105
1.8069270264447221
-0.8114527436991866
-1.7046254294291532
-0.6885861499146702
-0.650736686051873
0.07318728114157445
-0.36832755653338056
-1.3763269654935728
0.49612597046558704
0.04048669669877868
0.7188045591556306
-1.2211359623208065
1.1434058694844522
0.8090060241798843
-1.2249242082212284
0.2706877426104319
-1.064083127127509
-0.839616406887184
-0.29171745907764685
-0.3494843854735219
-0.018885296882482583
0.5157622357713364
-0.36515199484000826
0.6357933027187717
-1.1380412049612443
-1.016548219415956
-1.330282998487969
-0.20186710770209285
1.6303629157036865
0.10349218292624263
0.7277040949865652
0.6760709672890137
1.0745456334567645
0.049254497277172446
0.6752629111886554
-0.0684127090173868
1.0640048588487874
0.3523789601699789
-0.7306265020367917
0.9510558972233258
1.6513586612483888
1.2937339635707121
-0.43622799971484194
0.024550192290566375
-0.830463237819457
1.5821706038334762
1.8076853090149685
5.259815455475012
-1.1710645429995676
0.507759517749929
-0.09815951445001647
1.243511079106214
-1.353639974860096
-0.2691492824890986
1.0538097434009024
0.01569397127239626
0.14779733265401007
-0.7202428338540119
0.30045693423628206
-0.5007644608756697
0.6257413072091847
0.1944909815418083
-0.12699130342827603
1.021092920916078
0.014898889832572792
-0.009704018494537475
-0.41930123719669016
-0.07466478255772077
0.4701378649844875
-0.1654140712251399
0.230046103496395
-0.39847952316254476
-0.8473032125510929
0.4839619478633529
1.223025234379075
-1.4599451394930885
-0.44817662085959875
1.8400891373620472
-0.6477167562715079
-0.2788366007450612
-1.7990867107895736
-1.8003127978374331
-1.6132352767723328
-1.052182468483521
2.0178535201821513
0.5294136039170387
-1.4496204113614608
0.8943697026766133
0.9884093243298947
-0.24324311059881484
0.26862121853339777
-0.03210284950966955
-0.14735932136801913
0.008714402015094061
0.9894357900503051
0.9093959548520211
0.5933530724365105
