0.17754599459437934
-0.3001902104340554
-1.195797169406492
-0.010149487163041485
-1.267359119030313
-1.5511317454107794
0.6870260163238028
-0.8440841398588683
-0.477177004403694
-1.074012042522359
-1.1668798226819441
-0.7925624891049454
-0.8472431905436577
-0.1892049672201136
-0.6233636799793819
1.2047786745029825
0.15406478834462642
-0.3644652023793777
-0.7298836054182687
-0.5218493683806996
0.41777081918984205
-0.6618959915891515
-0.25877405657553854
-0.2662150361817832
-0.40972608232668006
-0.1946232591206475
0.3546577820746285
-0.38410740684647293
-0.7363406540296189
-0.029872034143661352
-1.0551867501730792
0.38099722573047956
-0.7668205743224957
-0.07700378049049567
0.3505946252475796
-1.0367447090772344
0.2601636217147118
-0.7586334100944631
1.1440045172518851
-0.130569440930644
0.8125001113170135
1.3638277178636657
0.2088215307579888
0.5573711759026042
0.6267196216923796
0.9489983606018932
0.6222626385892014
0.049313288952533244
0.2663706911862614
-0.3179415559597187
0.6567462363753667
1.0967808040151625
-0.4872082794892806
1.2868361384177467
0.727268580352478
-1.0172475020879146
0.5029514346628584
-0.590085090773572
2.1061820560697
-0.7266257993441272
1.072088162120841
-0.32666554700441963
0.5922759114355617
0.8908252749926999
0.33899867772137277
-0.40656058907729065
-1.0010826864515716
0.9650549051104217
-1.375613971937108
0.5607360592998779
-0.4271628062753333
-0.05750502483041037
0.7551259538071072
0.10613302181263418
0.5710695912954258
-1.850552511193425
0.8709665297117353
-1.2040370441270434
-0.4994504253664814
-2.570836017766478
-0.06466787070583992
0.31718634665397105
0.02735072606632302
-0.24219654151556677
0.6827369129612235
-0.9537202963705687
-0.7529354777459003
0.9016415971608392
0.41434128654158486
2.638242030904621
0.1982926433532723
0.09898994753686749
0.10883086916265566
-0.5619573004853484
-1.5840280626452787
-1.1751451973995732
-0.8704045685102975
0.42169038476557713
0.13014529854627663
0.11818432364191574
0.4367074551933697
0.476590427129429
-0.24362271168213184
0.14539759353739967
-0.8714936540209508
-0.17348447913916815
-0.5571987957050556
0.2774611147434627
-2.0116876257347895
0.22999505515028973
0.7617373055368816
-0.965190842573337
-1.0212320109352995
-0.9234907209788243
-1.1077953151748652
-0.8085542482392997
-0.31250080546258796
-0.7096480056509027
-1.0266708942519214
0.6009931380896455
0.7760431864078731
1.2832388299708066
-0.044786543418243084
0.32153603981558454
1.0356689405323372
4.462657895427086
0.15205990851120843
-0.44616545220088316
-0.25845415878913464
-0.5745187553859524
0.3973244108653928
-0.5549389603827312
-0.31202278612720924
0.1567813016176807
-0.1428800953588364
-0.20428277211395457
0.530789722901537
0.952792843612368
-1.01431953865582
-0.7589575485616891
0.025309368050538187
0.7298379271102899
-0.9307418724622368
0.9696829560487039
0.11205211472983356
0.42035005772931244
0.6505089544623986
-0.5540782467630242
2.118095610878844
-0.06651325784939716
-0.35057332047881046
-1.527864500606701
-0.8053258445178978
-0.26110126156121366
-0.25100823057570454
0.2853982998746919
-0.7573820431020203
-0.35091643979052545
-0.7446613198804135
0.8115151442494455
0.34362019796500015
0.3210153127840873
0.5555006326020917
0.5537515047843808
-0.6215031737236824
0.8229567261750536
1.0826583347676009
0.3656600950184312
0.4867661861772556
0.45827142218058986
-0.3575573023179387
-0.6913619187712107
0.6054176284574959
0.7295052572802049
-0.7362036895037533
-0.6196706251991905
-0.7126908606232599
-0.16730182255374546
-0.10255748024330189
-0.003687172799036076
0.9498712708654999
-0.4540534902649479
0.7643948324045267
-1.0575954613297627
-0.8729537798179114
1.659879332360767
0.31672144992658
-0.40377956926817465
-1.0219640110726098
0.16416950252531057
-0.20407677392384696
-0.36879606027188033
0.6859602478992325
-0.1369421559076556
-0.6291676552897233
0.7860602892246032
0.2042105968066907
-0.7213218688942894
0.3592018016897195
0.6704180224300769
-0.7533631058370445
0.4172527749644692
1.0731066265223412
-1.75059005358238
0.9504397307603378
0.5254456700005774
-0.283227485755373
0.27050410913850553
0.10855201413721921
0.4603789195010608
0.15792617182249358
0.7035121606073997
0.024901792661626163
0.8420346434013519
0.962329620538322
-0.8630888252699853
-0.4514540915082376
0.26868873165250406
-0.8789022951567852
-0.9436800623879588
0.011512496143285221
-0.6668107102075312
0.18315336548806618
-1.6180537435153315
-0.39647866725186076
0.22024470857883013
-1.0738011910832634
-0.027844509958754964
0.7944155732784908
-0.6804895679554775
0.9473154987205571
0.7829747595827824
-0.5181487691513941
0.3711010792803877
0.6855407281183356
0.1561807207440767
-0.7064100930582786
-0.730621660495225
-0.7165120053256352
0.3911707339798709
1.0964158187153334
0.8550221464667056
-0.14320973313014046
0.03520844490101352
-0.15700308577234207
-0.6392035955854979
-0.7080707457948144
-1.215823544617459
0.5316304427018521
1.4182067502474882
1.0719626498216523
-0.9119328443646151
-0.22873465828348374
0.5023139447889451
0.37760870690690096
0.40278445012419906
0.35875932661892296
0.400949409124285
0.49192628211936734
0.03173731382330927
-1.1825299504471016
1.084307356132554
0.6549831403246991
0.7269694275369689
0.8241483831292002
