0.8917996664816673
-0.4939962372594216
-0.33830451564301167
-0.28809501567896423
0.22187485562729797
-0.7713815996677365
-1.8367227248562625
0.2746811703338115
-0.016393349140517544
0.45622737874158587
1.824952029775681
1.3921659603110395
0.06366752168622757
-0.24864397099032864
0.7942112971604565
-0.5509649413128227
-0.3381989834940304
-0.0020079096403332677
-0.8906331597520765
29.30888416282632
-1.7256743161756545
-0.11537185300024375
-2.629920374438646
0.1336284940893586
0.11094150426489258
0.10348674107769382
-1.354030529027581
0.07485983908130268
1.970659941613241
0.38429937503087336
-0.06827361477586455
0.6134257583657525
0.39309935861986206
1.7692486061623083
3.6295428806919725
0.866269607799989
-0.3812664817536471
0.32113563773937376
-0.5139608252166545
1.8834128124661869
-0.5381002409836845
-0.24307916110096583
-0.8858077337160349
-0.03840486790158519
-0.7101046536189384
-1.1655779201887673
-0.44164321976380927
-1.6700084303916294
-1.1725649945446504
0.6408097440520402
0.4880570740551212
0.023531796610060295
-0.6161337928561716
0.4533177061264545
0.6118910474981378
0.9107657369898136
-0.25092014490622755
1.296382242001771
0.5482924344295069
0.6692717658059958
-0.8337116848844878
-0.20194814199122843
1.4542571583236938
0.21084107890640325
-1.955236096090194
0.6241073964708921
-0.7716513938001376
1.5493444190960421
0.485572181514119
-0.1973802674877851
0.22311105414118054
0.9260929454750807
0.5479817179882489
-1.547652232006323
1.4601553874396744
-0.9627845406515096
0.32843786330004776
0.32635090864386646
1.4560432281630296
0.8224612226410559
-0.22153799290958878
-0.33500428044151853
-1.1571078871051788
0.34548303113927226
-1.0920619661083333
-0.7902966150082471
-1.1271081308502051
-0.4365532126615983
-0.6537330344241612
0.8280355867570797
0.7408888062065733
-1.1431529565598157
0.3332673557722499
0.030603860432096827
0.15696201631849646
0.11999141079324419
-0.5064932002034996
2.7880401600390035
-1.1539496888010854
0.0931811154296156
-0.6157624804002362
-0.10594189384625852
-0.018769006656120964
0.44910955551134935
0.029541789051257483
-0.6816292339222834
0.3831584181069537
1.255962608392303
-0.381812809100255
-0.08213262805626632
-3.239371162738235
-0.49515147293312534
0.1991779713216773
-0.3943122628222502
-0.2094666346263533
-0.666825133352851
-0.3080349233670501
-0.21393122666164976
0.20883972999845124
0.6446890027057012
0.6442684548981016
0.23479850193929097
-0.20865662839486981
0.04229670499718734
-0.23953898512476163
0.18626196124414326
0.685753176232338
-0.9602534585707516
0.6096966020564922
0.7745175154625797
1.034658654381928
-0.3508695381133963
-0.6880085705304322
-0.015008766326820903
-0.5052649389049754
-3.5276850575715732
0.037208616402640615
-0.9188300237090122
-0.5679068431845258
-0.5269687698870338
-0.19651069680051925
-1.0159545142756368
0.18156310129246916
-1.3033443681773371
-2.4483600975810935
-0.6834345590151774
-0.17637089788342686
-1.4966470643941583
-0.8819780032579692
-0.2879169220698403
-0.5037810467171623
0.11296749430187515
1.0101734956496506
0.16224207610587732
-0.20127566219444748
0.09829831868616798
0.18601413154393548
-0.9434930180490018
0.8849551590813133
4.203881908447143
-0.8460450174981488
-0.9267732695941931
-3.3745919618908924
3.4036120816685385
0.7765910324098199
0.04862017636971956
-3.823428728550098
-0.7543915984637591
0.9495506768580104
1.4997763862320481
0.47520626840793345
1.5371308357480826
-0.6814333467234504
0.6593225991854256
-0.14870774303177545
-0.8582022212234135
2.728264920060426
-0.39542575896869375
0.6385131393669995
-0.1279076922595453
0.6372542959484424
0.28821325654946456
-0.36198983678282726
-1.1208525693836922
0.13271499599836847
-0.6693684131371341
-3.501055286959651
0.4964069727219971
-0.7382746857048723
0.60986508860313
-0.6247278032761904
-0.39718945760065516
-0.2885215493070705
1.937350955701132
-0.5545324575973054
0.9002136046965793
0.5433700072529726
-0.883119538079168
-0.6422868992674475
1.7885004236593347
-3.0582016774016934
-0.2682997324318574
-0.47867504325343896
-1.9407262819648223
-0.7420321964076756
0.14539093242307435
-0.3908500696819912
-0.8244187136714416
-6.367383707539817
0.4251790613065671
0.5499306224755368
0.5817372750390575
0.22382149966162734
-0.35751841685177155
1.0061806647135396
0.15727218328330422
0.9358879583286491
-0.3679257229782429
0.24437728212245885
-0.7783769736918227
-1.1605123697724955
-3.4977358318534195
-0.8806834997801137
-0.6666824961687488
0.10905531445933205
-0.41048205130967125
1.563880883450038
-0.9001500449881364
-0.25046986562166046
-0.19591650193290963
-0.6193733294270517
-0.3877550718989422
0.07533237090850933
0.33834320256502987
0.10320712408788803
1.568861717110209
-1.3714349892102553
-0.01250400198248156
0.3073550621031158
-0.7400400599518501
-0.726423206571321
0.7953799609374336
-0.8258224900680389
0.8475527254340087
-1.3652622645363754
-0.4516306848903233
1.3123102115483503
0.9288988792977075
2.4523726549987925
-0.07752409173005897
-0.3226022982021264
-0.05030038672621549
-0.37634084967103787
1.2024962445843637
-2.162723372804413
0.08283451841398254
-0.4465893198756191
-0.4169683966221489
4.106322805035712
-1.3018189224192005
-0.48513126739596923
0.058669077612977835
0.5431785767145784
-0.14391233565869224
-0.699036617898759
