-0.6937704846311691
0.6820589726715394
-0.6110256472688604
-0.16531594466811445
1.4569961847054904
-0.6099827842382215
0.06275377137077781
0.442151062873974
-0.15959167883822387
0.09853069163894124
-0.6375273770176345
1.010823699049408
0.8432378942905515
0.7019890736300699
-1.0474886938231431
0.44283939508953873
-1.8748770307042764
-0.5124635830161219
0.1943429350671516
0.30665895678006616
0.5404863978064909
-0.2575095564087727
-2.394318702017376
1.796391424156516
1.2935965314525368
0.26381428504771154
-0.9630772631516308
-0.2346364128726015
0.9510846562443793
0.0027802412748804332
3.0974050201572867
-0.26261156866525914
0.06473562853623877
1.1955225400677199
-0.9954184803355156
-0.16245786750162053
0.2355441142613628
-0.3244243425448692
2.0526269853911083
0.25234147411667146
0.9753054738543719
-0.32159118496314654
0.807365317515744
-0.04328634488770608
0.9480668924538354
-1.5731201706786342
-0.4745051496778031
0.04949276455485774
0.09093192887907078
0.9159909836359454
-1.0625075091938971
1.209247543295708
-0.017252047736892206
-0.5818406368718889
0.2988120081904851
-0.42157433004556866
-0.6970000257401489
-0.2238607699752187
0.638060773814446
-0.13670694369697725
2.594950982150004
-0.7100628035846422
0.4503463418722635
-1.0631350971089832
-0.5481752103548798
0.002607824632353309
0.6547465664623615
-1.0937605013908263
-0.7037902608118212
1.835590311056808
-0.5128976816181489
1.2728867421144987
0.1976751807970063
1.1143693165266408
0.4051320736541951
-0.5641338995890037
0.3365741049863737
-0.05902020074738207
-0.48625597628457073
-0.8910795267537268
-0.6670868697702848
-0.5406190375668467
-0.6959182408253964
-0.8720004008904572
-0.27158119611698045
-0.6196485634954835
0.3262155290980283
-0.2655695617780079
-0.1718493737444733
0.22818268239384903
0.202005826199961
0.9079178944243761
0.33326872801373
-0.7701414434199342
0.3432568058122513
1.101730530909504
-0.3991672042811744
0.02242838033581397
-0.8776538975013399
-0.48746667648403036
0.6629534309469715
0.6855777436448764
-0.20530970972222407
-1.166788872464348
-0.7653021826092175
-0.6704584251738642
-0.5415407849673234
0.15920872627530747
-0.49691031860682866
-0.36396429990074514
-0.30639575701809485
-1.0395841327598832
0.19167146765627346
-0.45980172275497355
1.3279802168440438
-5.733547200673288
0.07418405755736425
0.4252863201317743
-0.26896943876759405
-1.4264391686592983
0.011689973124762106
-1.2509322075285108
0.9001136069920412
0.30326000262928465
-0.033749195345336436
0.455433662391985
-0.02448035055078296
-0.30338790807592314
-0.7666884434243805
-0.07551765160171381
-0.8891939113877685
-0.5937271737463364
0.7855235404147245
1.1319638943365702
-1.0715714043567528
0.6846815258649879
0.7776411476322324
0.29635437015172306
0.25067315579813276
0.6326892108515209
0.647392521249087
-0.8120933621277929
0.7989704132235167
0.39399835432271735
0.30716377582064275
0.11139940098216095
0.09300070077980434
0.06717937977953833
0.24275062715796833
-0.42852130677994216
0.04102445277596189
0.3609588931845563
0.3428882785490255
1.5011101367536914
-1.6833100907179752
-0.9238858612792993
-0.09213985080349016
-0.5405055316155625
-0.5984478968162804
-0.5721998152416234
0.8509453646573153
0.16723162737014102
-0.10776486011468163
-0.4344547385155759
-0.3966919856886918
-1.1124836486484562
0.2194370561472088
-6.350540906346268
-0.3581091636323561
-0.21478243417260645
-0.19527236745764426
1.0799809922970327
-0.07090795154567947
0.45657078157053893
0.3637606010925911
-0.24748762093622764
0.7274004250538876
-0.03587902030378358
0.38018028243339
1.0047351078141484
-1.608301500701884
-0.5013287094554914
-1.1734617957800644
0.4802390777192455
-0.4667617542481318
0.22806994007122827
-0.7301575796662135
-0.058452124370252614
0.34496802426155004
-0.7071809792340151
-0.4162763547335919
0.4425722482361372
-0.8258227578625316
-0.7758087626352808
-0.8256962437042883
-0.4547087670880741
-0.7979737392574263
-1.1095095741395165
-0.7627234803164196
-0.9921786281103055
-0.6071629771824487
0.3544725104200984
0.35476327145514475
-0.8653213664293682
-0.6233290028917385
-0.5133901989957838
-0.17732207446667403
0.8903820193003915
-0.8972976510473636
-0.3406185189643676
-0.8781900029087009
0.4473665836988557
0.2690072879483683
0.4587121597214217
-0.4874930370750019
-0.6895275940619436
-0.7697505305735788
-0.4026135980112615
-0.08635474161558433
0.5485287694736626
-0.16998764137608194
-0.5449662199982469
-1.0691005565638552
-0.291368378447202
-0.097267160497403
-1.3194505989746796
0.4383563867950568
0.10370053846728094
1.0820261540609504
0.40022870892071993
-0.4735180018824479
-0.9778765722074514
-0.6761889470243568
0.9158563077710562
0.4992064390315887
-0.21353065236081986
-0.3595195383127888
2.220886965190486
-0.5056058961398378
-0.4341474203691637
0.500607398922998
-0.3420892938182691
0.3686199000392685
-0.31905537868066347
0.2964249931818836
-0.5308105170322653
-0.4570430509022364
1.2854393257053538
-0.022428784572940674
-0.7173381980228895
0.5251087857513265
0.3548474587192034
-0.6791281756315347
1.7025904231854416
-0.6442122722113917
-1.484314842511454
-0.18184785910572906
0.31610255841790497
0.5681818684449467
-0.2486913349548033
-1.0808168342900004
-0.1123010333875582
0.6156228760759025
-0.8267528221045262
-0.5656856440367766
