-0.32097346895672796
-0.8266692822746464
-0.28649314241040535
-0.10379997663142215
1.0369500081054852
0.7381349007190299
-0.980720365239421
0.8184066414755665
-0.4493891576653901
-0.0657389067405822
-0.12413781405661967
0.16863768960694345
3.5310754264209114
0.0677207326046623
0.34761749761202265
0.47482880191624577
-0.6838051594950781
-0.2774275373122338
1.111781763352675
1.1495510408544405
-0.9389295759671097
-0.3399238221787041
1.2631339888635884
0.5038159865770939
0.5954591514951377
0.09836726139897022
-0.40685364793140566
-1.01128945429627
-0.22498766794638278
-0.6445378546395639
-0.2979399564769673
-0.6406404458991879
0.856323321582656
0.7244937514152748
-1.0883631020223912
-0.532834974775546
0.8604617013122178
0.49044320985633266
-2.508620974504526
0.5979979486017066
0.39460647692970774
0.4209996537633686
-0.9301330399376435
0.32191685820081417
0.5383127301752385
-0.725969320480194
0.794399909340285
-1.2070009223671436
-0.45308852910866276
-1.3404822786179813
-1.1022261753913887
-0.5687986544515641
0.5681685723750021
-0.3159416463107512
-0.2621126504424378
-0.479817361132697
0.23493089984355986
0.5357349563899104
-0.7757256616380965
-2.1549161537750483
-0.4808088449231228
-0.20241492808689848
-0.16349768609526838
-2.8281684803618417
1.0287649581346465
0.6447029125907371
-0.9559465997164266
0.5816626948019709
0.03957939304036647
-0.08060625092086786
-0.7229770232863527
0.8271399440718399
-0.405971897034547
0.08154619898532713
0.24809882159834387
-0.28724738984662224
0.461955756294878
-1.22015447013464
-0.09764643071850099
0.5899165579793257
0.049925166659933545
0.9030866616570873
0.6599388270072234
0.49010097029783734
4.081641839417331
-0.0907939376552361
2.0809649848457585
0.5740197771041182
0.3041564698403697
-4.177828571860363
0.27079586248541426
0.15549687977965995
-0.19497885731301662
-0.40682476174766724
0.27149710911002084
-1.0285904045069985
2.1377660746923803
-0.9268140103749434
-0.4653585694800825
0.3477011760238805
-0.060892563345922496
-0.5799490502579797
1.2103052724504793
0.3705491173818491
-0.8334011902215842
0.7378790010663396
-3.026783619130623
0.10064124213163639
0.7645935252891025
-0.7601098582203181
-0.4073437129180961
0.3906027748611127
1.2790476969490374
-0.751596447941908
0.39497554015621705
0.39435326936054543
1.009602396981603
1.125832296868574
0.2369256432838116
-0.5803028576468253
-0.48013196736173064
0.3723820715376686
-0.7336244198282271
2.1811867569581223
0.08853931736835036
0.9090487463010748
0.01591350242355138
0.7278404926437544
0.42407068779135554
0.07114149577078221
-0.09776565251743546
-0.7638018669203093
-0.02457310131108925
1.4698399837092033
-0.7537223299767122
0.600789944088832
-0.2635184701424517
-0.5986172644484538
0.416616230270807
2.2407603026785803
0.4045017278733567
1.7219701939653171
-0.9795071190434197
-1.239532676545127
0.19986577758242052
-0.6759388019337839
0.6695572166094046
-2.132513131825746
1.8254931288768366
-0.8471333530775306
1.4211469464363857
-1.5146731377223146
-0.4746239829625373
-1.0299324609829124
-0.8958928362499432
0.42890655338201195
-0.6145119572021008
1.4056448101745709
0.047001792558552295
0.28583289387020927
-1.0049118482882575
-5.052481821164709
0.9343510083105506
-0.5013034805015714
0.6311248423208212
0.49044407959839625
-0.6292162357040674
0.2352138525987098
-1.2285381344297144
2.2956248278074174
-0.27447489104703915
0.5235160051819072
0.6033949954240095
-0.15110500403929128
-0.8681933542061289
-0.5413958902227104
-2.569014433934199
-0.8244689584224266
-0.853577090330286
0.5097061314642699
-0.632551233055069
0.176496482960052
1.4177376420277168
-0.3786777829084267
0.4455902821430203
-0.9310014349356021
-0.9972527397171334
-0.5427593448825799
0.061919205728064225
-1.34411230507981
-1.152153276462641
-0.607779730325919
-0.48829819463629087
-0.7372996145307412
0.2943304083827345
0.3132088887396402
-0.13592161264081803
0.7581115278275894
0.530541861872642
0.29885916395426465
-0.5597897235187821
-0.5248456689565713
-1.5949704006702263
-0.4277135685204515
0.5466984650827675
-0.44996453199747594
1.0378103635036595
-0.8003024112890162
-1.0948780645513274
1.0955683225431785
-0.25403635272581987
-0.25155879950285187
0.451465483447738
-0.1941880815851257
1.1015730218070028
0.4600591031497703
-0.12187495408394991
-1.6834419357859434
-0.015528366053192053
-0.74654480626966
0.3121975079664174
-0.689066219911013
-0.4702020357769794
-0.5178765554617848
-0.030755088263748925
-0.630345301229879
1.2440609123859745
0.10195654466408902
0.721290385244475
-0.8708362559499947
1.0782026197462218
0.7581562466137933
-0.5515881311951044
-0.21222164600159485
-0.23526495123112848
-0.12060310423252812
-1.121252509887848
-0.264506362977872
0.16214634681203277
-1.379775057017481
0.5399538979324896
0.031130024113896433
0.8294384394328381
3.7911705251011147
-0.6079145152252293
-0.7451243263043275
-0.5245972197268018
1.885345695940667
0.7284580397640166
1.4968786997335508
-0.06652197384441638
0.6570661810709593
-0.5103574420464958
-0.36961529279652633
1.3443299871908327
1.647823240531694
-0.2781586778132298
-0.6382469956114942
0.6809476617576085
-0.04351993388007235
-0.4337991890294076
0.6453243101049224
0.5284939511172295
0.23769583420223556
0.06683757072788546
