-1.0160944148594433
-5.8463242490803795
-0.3180493090963245
3.7055755557368864
-0.7964728794647249
0.5708664995044127
0.6797672405334366
-0.09850947642608247
-0.46197570804128163
0.6071717880634443
1.5060697408979473
0.2574656250212018
-0.22742265258852642
0.10535135727381376
0.6652755917955474
-1.090544697714308
0.006284607526515662
0.8972654237683854
0.40046276461546665
0.19130920256640266
-0.0990434638365019
-1.2158988400047268
-0.12011394205637618
-0.4882517716867361
1.4244540451394903
0.11933114354889901
-1.165328028058115
-1.1225220867211938
1.4863933095410806
-1.1904152612662717
0.3495492738212772
0.7612954740345769
-0.6234316741163732
-0.23481952671213938
-0.46384566792245396
-0.8957174922134641
0.3376755829221097
0.24624731499463481
-1.0596054306945666
-1.128830407774549
0.7975217494931602
0.9891813313434277
-0.6619241920536668
-0.13611178609332913
-0.4347121704625847
-0.4440144558930203
0.5838156891408485
4.563434451847674
0.16587963727520294
0.6783701296465678
0.5566309452291898
-0.43724718417108305
0.8799796527434213
-0.4976980234776715
3.572285318406398
-0.25843534570332416
0.3494918895679605
-0.37777955069460256
-0.29445380276980126
0.5708097845176588
-0.7019563284671501
1.2549852568945008
-0.31729501048229997
-0.41873989353725194
-0.5508265816848879
-1.0531892766245288
0.6366098853957846
0.4623433906875802
3.85583551835799
-0.23189544971298234
0.3398207739921574
1.8042637477569394
-0.5665824045686177
-0.24157092928643714
-1.2221737526998613
-0.5036294146228876
1.0567515009297839
1.263685550828799
-2.7038363638194918
-0.3392425502202236
1.0525089217671135
0.630484126100894
-0.3984299181783615
1.0656390612956144
0.17395015720553403
-0.10159265420132586
-0.8991021563493151
1.0626369794844237
0.10879696410997153
0.7852244523964307
-0.5431419184119539
0.13998661477860086
-0.09689962579424
0.6221404681809449
-2.647105268065523
-0.20328362622809537
0.22620656570171196
-0.9580783664678887
0.25846679847504694
0.20826673788437855
-0.6495416887489742
-0.13825095133483936
-0.22814202796746846
-0.40506133468549366
-0.09393078423800727
1.1055785680790349
0.08813849305205042
-0.9228711900162814
-1.1829563528154066
-0.08629551628080329
0.9060186066241093
-0.8756606256329558
2.039345802910818
-0.5730684211253277
-1.107452050213401
-0.9001326704134791
-0.6180450929536672
0.20174558696728628
-0.3728835098191818
-0.8943991557957617
-0.6169779559232378
1.2966149049488414
-0.08773826197338103
-0.34666545887131056
0.8621370397039021
-0.01980170512341293
-0.7675549487321185
0.18238892430977438
-0.5761345491062693
-0.5858509717710638
-0.8906607197831493
0.9513337875344565
-1.2115697540236465
0.5547862478497481
0.22325619414457148
1.2173778951233836
0.5442757225048196
-0.3796357009686445
-0.7686188099547018
0.13326989172002088
-0.4970272380611143
-0.7002695880689866
1.5933385190520357
0.4369842039360256
0.5001172075898576
3.314944447882137
-1.0417485300864513
-0.36418755256778446
1.1939826127730586
-2.034641357261719
0.969102466194258
0.3895527206995236
0.37926756172303255
0.5545834036706838
-0.6130250255022843
-0.39891706961386264
0.4962495013058615
-0.8857266641319523
0.10998455767564042
0.35138884686535854
-0.2461940526522457
-0.8862314981675575
-1.7280624044548092
-0.3697257926819284
0.19059007666754801
0.9208601850882486
-2.2533146986375776
2.778609339433144
-0.08860171445235798
-0.20100283346553294
0.40913494007417406
-0.7779786777925393
-0.8876170693273181
0.5933197129572716
0.34301004320232903
0.8302832428657969
-0.2572664387408174
0.9022191224480177
0.11114319211711678
1.8564321612007826
-0.23251908971316682
1.183780973191945
-0.9391980537967216
-2.9452099917552004
-0.6511463492759447
-1.2225587965880171
0.3242263446246821
0.5680158576936375
0.4471034420196418
0.13669587410840836
-1.5751386722577858
0.32218854585339807
-0.6652117642449307
0.6633054521294844
-0.8033987529755258
0.9466580519340428
-0.31870127751777044
0.22003961885031717
0.2841291370771389
0.019429484412191157
-0.6401987075526259
0.07306069773576906
-1.7130075371436662
-0.1638060154747842
0.8683545862150625
-0.7025876585630185
1.367958338222493
-0.5182424442224223
-0.04649763870767241
-0.10658078779019264
-0.34167573726030226
0.7845852701532438
-1.5614469632828862
-0.20669461126366973
-0.48110034997356277
0.625572622142471
0.2536661591156239
0.042014811399416103
-0.7189012803001347
0.6235459767374488
0.935285271474287
0.39509990039683784
-0.7784515281548287
-0.3281183376027903
-1.3618469542654863
1.0833435448238171
-1.4562146378682006
0.7486719348616688
-0.14929025381596836
-0.5952623968355054
-0.17574464286772631
-0.9251871089622008
-0.25836059062149763
0.0424507232658742
0.19185198416726595
0.9954699780924191
1.3414391803259893
1.5258447377282873
0.7997310981760437
1.7255128480290636
-0.4320567622752197
1.0197918989054955
-0.5406598367290792
0.6840849924721222
0.550419717971276
-0.6723263445118666
-0.5103505294258812
0.9623193915351032
0.9226147700750011
0.7617034365388186
0.42462607913860606
-0.27712494910721946
0.6423314384279512
1.0678610247073783
-0.8490280326532582
-0.34000689100852666
0.1894440253920403
-0.15970573121072104
-0.13185334600117488
2.1429015379564516
0.2673841647463096
-1.0158683936806594
0.4645344812398233
0.021034349888804826
-1.0298593157313265
