-0.9640504200677235
-1.4829790520225572
0.7760413590092392
-0.8493357615386492
-0.6655542793820862
1.1442814278554354
-0.6871804087694623
2.5394816993718794
0.5669154703597042
-0.8616219452588503
0.017412635237631258
-0.0870330215466533
-2.8309716909559466
-0.37159134806243627
-0.7742500240554723
-1.2478892814058884
-1.048214415394362
0.5279177253239467
-0.5478985324988662
0.9321450276897292
-0.6848760905867424
-0.20037745288976366
-0.34222824232627025
-1.3967937783530684
0.42965651325063603
3.0551469657770367
-0.9697628751704622
0.08567267945452406
-0.5966923764782678
-0.8847651614202017
1.0698010578161221
-5.029902248820353
0.42483999387273574
0.9239790275305235
-0.15762376845328285
0.06797607244403833
-2.687228340429921
-2.5190650037094127
0.30948520949935765
0.11359109939579622
-0.5323320243406874
0.5273371838841171
0.183238068993302
0.0702648457657887
0.8607143465802269
0.10580666449019901
2.1817634667788863
-0.4800992398330475
0.5509383618621114
-0.2617617976634973
0.6549899181829291
-0.5744875716684064
0.7184981117146736
1.0489131593375707
0.4303485503173573
-0.3147670315475774
-0.4318850570613165
0.5895857052747603
-0.19000921328583908
-4.0977312015891725
1.7329005547228198
-2.6023544402263705
0.09713082087837396
0.5200751209926835
-0.8736294352696585
-0.7346354345285673
-0.11601418279886669
-0.1231514706716776
0.8758100801221128
1.5904139664584092
-0.4043020316652797
0.8004719174631104
-0.5595112047628639
-0.8303048619631136
1.0489882601221243
-1.0348993029742555
1.094865381485934
0.45751199856844005
-1.3685718256439727
1.0540432043551269
-0.8248115849359512
-1.4928326743345965
-0.8478399958186167
0.20997729923395594
-0.6257281669842027
-2.1383577353481393
0.7280210876932528
0.17744724357209896
1.0056066007499913
-0.04221310263106022
0.6008805861330895
-0.9045055792478114
-0.106583242207171
-0.2747465542214518
1.8359466830030107
-1.4030435684700218
0.4432524306434177
0.07951892879118497
0.015954051055533602
0.773053129982695
0.580104646424181
-1.525027109085019
0.9990341991995024
0.25525711141034857
-0.10940075508476649
-0.49486475649866046
1.1793372871481138
-0.8126419786820254
1.1122801050137863
-0.8635008818568518
-0.14894728626422732
0.3240105169807315
0.18547671687051448
-0.176037961535352
-0.10157713929922017
0.9960760148631554
3.9835624085288455
0.6181091577272415
0.9096933734190128
-1.5033466187326807
0.6775459675710743
-0.02931347573478047
-0.15579543181524028
-0.25527109303550594
0.6751142590762111
-6.335673072980867
3.882109057805464
-0.4230788865965149
-0.9016655867583592
-0.28619629804849667
-0.7980769177069901
-0.6658009446916742
-0.6396365151413741
-0.7786035478906943
0.34161639866640003
-0.31331572865205704
-0.31784721682095024
0.02783481058722629
1.0077666044645979
0.01690620930633934
-0.742837963799154
-1.6065949984018162
0.7640589731599288
-1.1388081446604714
-0.46818924618039465
-0.4160243240386753
-0.9111088113735605
0.2478443844276627
-0.6959515786655229
0.9025232578327579
0.14997993801465406
0.02503280222200395
-0.07809584287854295
-0.32464455540225434
0.5448053731344533
0.5105326164123932
4.6033298870511
1.005593824070066
0.4214250760294847
0.48209457599429684
0.950024830021481
-1.1039647021080878
0.14177162333492926
-0.4310952854433419
0.000338099839816996
1.2404514083082177
0.3611098201951627
0.12916923210976855
-1.519905148530357
0.0013625530146438025
-0.7822926622847234
-0.6281958480702591
0.3718650358188072
-0.7730707460660977
-0.0016501296897377393
-1.4186953135167244
-0.5857672044574971
0.8519353339526798
0.6827533367800274
0.7727391441381735
0.44749347980912313
0.09588509526236927
-1.721087994729896
-0.8810636174281685
1.378027305534863
-0.0005962600965085385
-0.10035416477667612
-0.39737373569776874
0.1527641139142356
-1.3003351927643734
-0.6997157902056974
1.7858496215866926
1.0049962868365931
-0.02481087787590324
0.8589938694829373
-0.86554866265415
-1.0647410777064976
-0.7168832350192069
-0.5714016621149183
-1.0085087965577577
-1.977682506560347
0.8074485354110402
-0.15531751821392728
-0.7860909979457098
0.09115730777774171
0.10158904771389331
0.2796981908416618
0.07366800793782935
0.6424280678966218
-1.2553943611036629
0.6800071990337779
1.3418525463601303
0.10404968589292908
0.004970486660788899
-0.9785520267973475
1.3676034389667278
0.504865920297908
0.22361785290043393
0.771849408434582
-0.019481812979649342
-0.7680829944362793
1.3823038724375707
-2.447578395966225
1.1633562476333916
0.712065399184666
-0.7689163056137482
-1.1742652366923683
-0.8279821996902108
-0.6106158394945352
-0.4596983487015566
2.974294123777535
6.5618902211427885
0.4338831431136351
0.575229581223063
0.31264672921733744
-1.039122352052473
-1.0290268058320302
-1.1744854327921777
1.0378959027463208
0.07791434774343979
-1.239296014741862
1.0322162732920193
-1.524193816397487
0.874678654663275
-0.03002012496249936
-0.9736811514545904
-0.1599484743601083
0.740553649710181
0.5152548555592193
-4.940643785546406
-0.1757829395620576
0.11480856484768133
0.6846187401091037
0.18107248320450245
-1.1615607352912882
0.5674908367912006
-0.768218191621328
0.8155025042013948
1.0695723391963392
-1.1269035863805057
-0.07058426844736049
-0.02216402943796749
0.5159953669308803
-0.7824544337813125
-0.5436668021185546
