0.23810012437353967
0.4149321624223331
0.4866335171530808
-0.3029021246600911
0.2483216081532085
-0.5905250324532152
-1.0813898822560806
0.4821365833218957
-0.8531922977149731
-0.41357333926466583
-0.5124061757687178
-0.05174394408103257
-0.5044112252455788
0.19561103167453497
0.03526827605827136
-0.7298589143119696
-0.3680633275387718
-0.30334668939999554
-5.477566987596397
-1.050587813849877
0.878483080753785
1.4766866428710879
-0.4370622811320232
0.506903246669875
-0.7222850822512583
0.16188065598139398
1.1376159588776569
-1.3456575347397923
0.6824629030921108
-1.2109223852429427
0.1930012215435223
0.09847371985385768
-0.6368099043014632
-0.48679096398776567
0.2683823267186327
0.44370439917194116
1.5362199966635157
-2.578222581187394
-2.4593321268732224
-1.4899792300146295
0.010778810393770294
0.5696554004560523
0.44051374134407056
-0.03702606687770318
-1.4632806433656746
0.43845837700567714
0.18188482179939797
-0.46780216348099396
-0.748041341994001
-0.34111251341065224
-0.7418449359069283
0.44692307034950074
0.2865180939934073
-0.11976616389596531
-0.2497514859425659
0.7339040666230542
0.7244015814882336
-0.6081229665601947
1.8442461433677684
0.5563425523645166
0.460142301017763
0.12234908171183241
0.5672421215885675
-0.5053918949835127
0.8399342761444427
0.0841906574419253
-0.621980469824621
1.0266833871208094
-0.044642863459185445
-2.654211512495332
0.03867397700154823
-0.08796978350638973
1.6449997294705876
0.9103952631974267
-1.4401650859103505
0.1452202823495708
0.6309788604308265
0.5726449733409356
0.41950427747269103
0.1421111440016492
-0.557152058847783
-0.6787309983160216
0.11875057796534821
0.3703083327788647
-0.7549893391352724
0.19350725157580423
1.4490361303770851
-0.5651842704368409
-1.078840190630657
0.3455394851366713
0.1151970864431459
0.5325411312925945
-0.648419787955557
0.04752974802328211
-0.315628714382995
-0.5784334158310593
-0.11880570467669407
-0.22514078872632703
-0.08899133441830985
1.7844232338362085
0.07652133532477949
0.7362544075293909
5.463605366702607
0.7111423704064125
0.3625586458246771
-1.0821990246841002
0.9775929131935928
-0.8143218005326016
-1.372949050340551
0.5513341781163585
0.14813249187037553
0.08930259503796578
0.08365082230819247
-0.18505754842606542
0.029879050226237575
-0.9327004426479222
-0.26949692495128486
1.2008634562723082
-0.2689555972274435
-0.025387206432742594
2.284509870158741
0.24655674751122988
-1.9962302488832517
1.2741282088902361
0.9610716561826977
0.5201360304697369
-0.5640924986754762
0.012863919570433383
-0.719569701737822
-0.6988407496543223
0.4357367852988539
-0.39428142625464657
-0.5253297046868597
0.2971975958755152
-0.27587611034141113
-0.07447389641574348
0.299113868621545
0.30679604891652573
-0.256704952271351
-0.4305126521863987
-1.0256828489480307
0.5637379348025118
-0.2436068874904958
0.48120897077551067
0.209433197972326
-0.20029879340910828
-0.9071805296947218
0.03668966734979354
-0.7545648842416198
-0.18365442117693076
0.30293839402722933
-1.0582595624971032
-0.17270842695035982
-0.6365432679955007
0.008672084714183665
0.3378635544543403
2.8908992645880263
0.8154677094516103
1.8421192795051233
-0.5837108009916165
0.8472893873234097
0.4220707496720113
-0.05591800697535848
0.30454919783709056
-0.5618354781864526
-0.45160198912867805
2.4220723176810037
-0.7334654817702527
2.252652501110837
0.4272146387184218
-0.3809520164314656
-0.8206111500875909
-0.49158345883263116
-0.20443509878494062
-0.7742404276779776
-0.5917486924547639
1.3211771370251593
0.026905688686093318
1.150590115990796
0.2660821353824236
-0.11931302689897101
0.43167089197563296
0.09984219144368109
0.9368037350579849
0.24365160460636973
-1.072427045522733
0.14357630373570018
1.0039580621190012
-0.43724567685862403
-0.6048955117841129
0.41194769895210076
0.3205782563115726
-2.4316141338484107
0.17446496393158906
1.2704006648206936
0.38650125708200933
-0.8433106579896164
0.2716750315045138
0.3644499665544617
-0.2805658135392761
0.6812326670470396
-1.217098232169167
-0.24235472010960557
0.14226397923168044
-0.964045762762276
0.03449379823609341
0.6472433403229406
0.24706519701438479
0.8744188892264994
-0.7396142360338123
-0.9500720200377002
0.6674544896549558
-0.2745912788023049
0.7125194164339893
0.806718878057441
2.2677640422484602e-05
0.2620983832124102
-0.3696803300350657
-0.5825958589187445
-0.25527305327617356
-0.4519235062305394
-0.03626215036131937
0.24285674626244982
0.6237405199993644
-0.03825996307676734
0.25107606258435894
2.8470165790820836
-0.2818591230404519
-0.2838605312380533
0.2617866927906082
0.18695220740989926
0.7798440979098673
0.12492163610067272
0.15521147499250798
0.4881162238953765
1.478654078503801
0.42860682351635343
-0.34218712599287027
-0.06914907751173986
-0.12504679829135676
-0.04560463723335613
0.22749648931497038
-0.9145469315706664
-0.4131128359792761
-0.8387321879676257
-0.7342625242154166
0.5813053966596538
0.3076621421852832
0.008946708817440589
-0.317901564406683
0.005646337557274717
-3.317323672641203
1.0804001476607719
-0.3227261692661888
-1.4682391336530622
1.4891224385682897
-0.5925731949396659
0.8258896620561673
1.8259288653250596
0.5453728330284212
0.07404559115860823
-0.9892934886002671
-2.151835041446451
0.13001270412902657
-0.1415097002662109
