1.7434383804372178
-0.6262652817907228
1.3136377366219403
0.20165726142875695
0.4637934014759055
-0.0005224336033697874
0.1896860146185332
0.4359543770730203
-0.07689017606503878
0.8385190035440059
1.3474907442434236
-0.4295634300174011
-0.8725405446177157
-1.0052412856496225
0.11251545655266035
0.4854059691941166
-0.15551650480089727
-0.5809119275618574
3.239411179312887
0.26076395711577827
0.31711622562341946
-3.3692698069576394
0.062057945246203255
-0.1851068265703572
-1.2179129236656858
0.15115124003778585
0.7833969397546585
0.07928184525251131
-0.4568415567737833
1.2975287075430786
0.9107609693504392
1.5776906091662641
0.03129084827253553
-0.5531867890030318
-0.6460106495267058
0.7621382191391334
-0.44732147101129416
0.050241413803857514
-0.9123381694401345
0.7287573393210189
-0.17641540052897664
-0.12306290947202629
-0.6630301189968151
-0.8633338857811953
0.06302341616622198
0.0567792588633788
-0.19633985529913345
1.220682442539096
0.11126786104899127
1.9553392004859984
2.059846789104099
0.8084088722244822
-1.3551052843967095
-0.6372731994596134
0.3388764997886591
-0.7037036289698815
0.32067131821318884
-0.6417204014968274
-0.4232354651078625
0.09734652624559698
0.5378372876243749
0.5891052408727115
0.30837044818676485
-2.0025029873696085
-0.610537425261926
0.16761801115221822
-0.519405018518504
0.15674450811575777
-0.37664986990447796
0.17243522544237627
0.6149795046289367
2.7051040593993747
0.5336434231913837
0.6644476560661123
1.491309168735552
-0.1170204341370635
0.12740799390482477
10.281611823944573
2.9570837804326913
-0.46325182741451576
-1.5355691644728242
-0.4252388739499286
2.999813204384037
-0.0623185303610527
-1.4241201542895954
2.2486820844935944
0.5610009868221747
-0.09419547621634877
-0.7057391953371951
2.6993465973347823
-0.2764681308832437
0.4900796007724824
1.0414891577392624
1.1449918903548115
0.3538524134738887
0.5868811809827708
1.184898693148931
-0.05536359366253854
2.277574461707214
-2.431490557023729
-0.2931000469112964
0.27128398306485363
0.6317049885819915
0.6611613817253267
-1.9166677677411594
0.08048711601175321
-1.2410200704419698
-0.6216875645064441
-0.32871571014529244
0.01623250461884676
1.852788565072268
-1.550395078194273
-0.36143050009229033
0.3422508507946051
0.21125021010274037
1.4992161752411906
-1.8636370909558098
2.879100544810207
-0.3698408036125014
-0.2779425078010611
-1.3549812489811905
-0.9151964164246174
0.09982553853790091
1.1550714412139211
3.7421508198702425
-0.1049514004949165
-0.23668134404565996
-0.6452847360874132
1.642418223887813
1.8311694389705389
-0.7546842845721132
-0.16776741488779442
1.5078614097871699
0.9862182206102483
0.9008027409162959
37.8529120923455
-0.07468400745839426
0.6296582569082536
0.0024639470984160125
-0.6516618964056042
-0.0063601085490769815
-1.4955221222222272
0.27233696153963116
0.058379457846145
0.39959132958555027
-0.28036268401175174
1.3341041415148422
0.7250005870495858
-0.20070510578927986
-1.1674541931128335
-0.8297642647822527
-0.4142364388446343
0.0748249213028086
-1.0677340197078438
-0.2770589385077586
0.5314992620819343
-0.24488046849825304
-0.029613727410471614
-1.1965853796178711
-0.20702977709450446
1.1902697329277525
-0.198056338171417
-0.9607393074598876
1.433952022265543
0.07992929898192408
3.3563234543463976
-0.21090674070367021
-1.787995365639017
0.7220713939024412
0.7462256086998513
-1.1396177693978162
1.2116619228368704
-1.0570812673663192
-1.501418100443518
-0.1212840981049319
1.6752420126316103
-1.3534262567029367
0.5960868838157733
-0.0020389329290088493
0.45166388589507994
-0.6472371638507193
-1.180207317249969
0.01759297365338266
-0.6483784308060115
0.748937754504993
1.90450289374985
-0.030690238030212494
1.5096575969053845
0.8932588984725176
0.7912240916482887
2.2146854184629556
-1.0883940500051135
1.2465508758329265
0.1143342732240897
0.19524934001012928
1.1095902943543896
1.0578565242134883
0.2840580637931165
-0.5464440629616625
-1.4927239009321416
-0.209835837248667
-0.18833395177113932
0.6758610019908556
0.36304667664445384
-0.8041502306017434
-0.3779007028713198
-1.2340689613678428
-0.9748310488611251
-0.6647135946544704
-0.8091733185223142
0.19292465417160531
-0.5430050685808616
0.07918780978486134
0.08072640528817872
0.8752791762527883
0.05997829847776281
-1.767537617310408
-0.1510711245013909
-0.9746546155100427
0.8119952839270008
-1.1868315427621952
0.33748259408894427
-0.2983772252877113
-0.6400312339830103
0.20120129166128686
-1.8280410140326941
0.0731639493016817
-1.8819005881065312
1.1008312634585895
0.27403307179066744
0.5028127851729457
-0.6608686243384189
-1.07548750105617
0.18018640227657345
0.07793298110930133
0.44200222796056043
-0.08237505499343706
0.2913752042395829
-0.09923678841876732
-2.9284682861874614
-0.7465321562616246
0.7438660880525425
-0.08486395881022268
-0.05155033365759587
4.648927995740309
-0.41284297654499463
-0.01031171057041494
0.018675285702726335
0.45341588066283517
0.9137552701770653
-0.11401144875167767
-1.6781279104835307
1.992556339372423
-0.5754269789593688
-0.5469949462747772
-0.5379773354860644
0.25331180985950247
0.6390063078530911
5.14739971112417
-0.6824730971602396
0.1980834788109277
0.9693937295914068
0.4461753962783144
0.23672984002315908
-3.9461275562731375
