-1.300118018684079
-0.2764780464584701
-0.9947719525857317
0.9827738609141347
-2.9897734431452823
1.663869015906762
-0.4954232130113636
-12.955570395191868
-1.6226453973209631
3.228615873104244
0.4690608965650511
-0.4035961713657995
5.188290205041883
-0.5225551868921199
-1.1705818032351152
-0.24977701005787398
-0.20614335474138565
-1.7474234374511273
-0.8155016052127098
1.2805782904439889
0.5645712347504644
-0.36658794487062213
-4.017005079166387
0.6323941869690635
11.90301455412327
-0.1934553750745629
3.176704575584589
0.9311383564463406
-0.05152707513437726
1.1940297189630744
0.9870228780355343
-1.3400290269950481
-2.1813585361476413
0.04568820430466516
-1.133439149680491
-0.6679764985444163
0.32860353107061435
-1.2021050019810349
-1.050730034641863
-3.126641166629653
0.4681778696369968
-0.16617356405036504
1.2759862938113504
0.05328898945278861
-0.11461819090661238
-3.0692897391412997
-3.5551841183480675
-0.1955001651710246
2.082954118943233
0.43568171371997516
-0.2691705118839983
-4.8552948983179745
1.9349050619009915
-0.869250005191687
-0.3642514726143015
-1.3238391460793226
-1.0340252719597787
0.852271900837096
0.7107640156019994
0.09707398755382765
-0.4970451080551919
0.3165052215618096
-0.38985702537836275
0.5259837104267489
0.3367411179458989
0.14976090264918737
3.0139222259481873
0.3816869344192953
0.22328920658035284
-0.48776202054313794
-1.448272744233639
-0.7874659403611828
6.262756170334208
-0.2891360228414732
-2.8066104104215497
0.12559951668772998
-0.8504967764890909
-2.674698049236964
0.8710381977912834
0.16849551137829863
-1.0893135161550123
0.05256208603157836
-1.6850690550156533
1.7577780443944762
-0.5743437747224149
0.4870984304747726
-1.0176705993706419
0.15425830706894894
-1.4081781440966312
1.3173050391418446
-0.2017920206413784
-2.5141453300876933
-0.22265795249612497
-2.127176828528741
0.7587610247897644
0.9729972542236655
-0.1619959699682217
-2.143647137510013
-0.593852653803423
-2.12656088163609
-0.3948240030452452
0.6483756175130447
0.7329388527724433
0.959112067709628
-1.6782868630512235
-0.011483589086642487
4.800545110121103
-2.040966836692665
-2.5838539465177024
-1.3295119795210013
0.7461328982764666
-0.17382607437869055
-1.1182868615037074
1.282293825017875
0.43599552591287655
-0.8244746590055214
0.08412381605436595
-1.9680256895428374
-0.49201098743458815
-1.6894366309656905
-0.8372535853927868
0.4356360253657904
-0.8766156910709744
-0.4550698257074955
1.4031575827719716
-0.01997996032857237
0.9514569397276454
-0.4922014880760417
-1.5660954582059108
-0.9897051487180881
0.3982446694449955
1.048718925490058
-0.04602861389405271
1.1329573305668683
-0.6935088939278531
0.0010391642529094802
-1.7789366807019302
-0.8664681749531817
-2.519899765061273
-1.7791899556925403
0.11676667379135294
0.8409066841858994
1.8953470557807996
-0.30318890934503456
-0.5207162611723224
-0.5277274874370779
1.353584144488821
-1.1079901629940871
0.5757397496678786
0.03242737471443469
1.1690680463268537
-0.11357500131052978
3.2078424809156725
-0.4890591879649177
0.8942956445624148
0.32865298186337444
-0.5733094759548487
0.8626266038751441
8.823891116167566
-1.0449226128841362
-2.7478183841971795
-0.07171750048740025
-0.3951956212168849
-1.4132243667840838
0.2902603713937917
0.37534577707252015
-0.44210678739245574
-0.7576293001802741
1.8394523558371394
-0.2366233357579107
-0.04546285035683697
-1.0585282880746956
1.1048888640409602
4.21966758713017
-0.09540056334965562
1.5871355484906922
-0.943041673129577
-0.6580419275156103
-0.7702440540983049
1.614936429667198
-10.909618697954164
0.21756615142564362
-3.65354733339041
-0.5788183079480964
0.9367081095505471
-0.04296969554195197
3.6224156883000425
0.8069545956538822
0.5955613210902221
-0.45919705409111955
5.888561433297471
0.16451445462941622
-1.353842489144494
0.9336283624075968
-1.1539195935073738
0.46959059013860965
7.307470462812284
0.16955602814779971
-0.6662081674304443
-1.5904190365121502
-0.8086218513389347
0.29149753833919856
-1.387849490551994
-6.589966173075136
-2.5599456074958513
-0.06688809065322074
0.3542525938470039
3.3951047835419894
1.7060436067194409
0.11263323053311317
-0.5069243377300222
0.9389072458512947
-0.5923893378221463
-0.36729584575217666
1.0463928462037473
-0.019236364481021676
4.52938311120608
0.1674154806367708
-0.030216210616727496
2.302727024316621
0.9836614602537397
-0.026285530822187316
0.025747951867889196
1.0448956672299972
0.3928601215943974
-0.01870952654824981
-0.06312955332622279
-0.11056364345865707
1.5054993799818313
-1.197597878537196
-0.06736990316484609
1.981213550854197
1.286920228143089
4.203048965131779
1.3593955864423153
-2.778398575751932
-0.020389091565658966
-1.3718613991805166
1.5770595462598567
1.4720797974107216
-0.023374197043930553
1.209120711898123
0.47759703808073994
0.07801377547676025
-0.6453797375472123
-0.5568177724101578
-2.488433184042638
4.5567170700668775
-0.4722927273893483
9.005601363016872
1.1152299648790247
-0.21928993571149455
0.2953167299502494
-0.8378032312351608
-1.2843050522422779
1.1573794558054893
-2.370495053510811
1.8502350896817206
-0.17721502955981822
2.392349041056948
2.4339504041059437
1.2469471468421436
0.9505671896348581
0.5054981071356786
0.3659313756658398
