-0.5727549375635257
-0.6342947698824992
-2.968061894012695
-0.09316545530489394
0.06445503135116153
0.008769045527782737
0.25791502777534286
-0.4431966051610489
-1.0889695228614533
-0.04984996940727866
1.0697529906177425
0.025500013055470894
0.5280850570482736
-1.3330696921011018
-0.9303277639431184
-0.7345280744269069
0.3392372479560631
0.0021783355041193014
-0.8121081250197595
-0.39674668027999993
0.7038736399754735
1.0803954715090345
0.7508991285884132
-0.6102775046676931
-1.515839445078309
-0.5928197930927067
0.7111623864463865
1.133854678385466
1.4736840897972354
0.20207699092628928
0.9953633631449467
0.8168234960178309
-0.7346472349491366
-0.0962394468225299
1.9246132112877157
1.2263836561470125
1.0076586754111898
-0.6327026557459412
0.5607067112220449
0.3412036907221273
-0.5130246146313977
-1.3259966605586877
0.3848458537751166
-0.3283530871965903
-0.0014521144611659598
0.12282645569869569
-0.9315047527765411
-0.7532296980496759
-1.943691777972387
-0.0280088667651479
-0.0032708559776216395
-0.14680617929569237
-0.5546380344965612
-0.7266421918614528
0.49723010322621697
-1.6546431412168745
0.8214251958061786
-0.02967367338494606
-0.5014459529000133
-0.3870423644279191
-0.3466975450473897
-0.588028243670423
0.3929824026039877
-3.7543295231940155
-0.8533455264785983
0.7445078912534167
0.4364978967648494
-0.7338900436777798
-0.7800291262218753
-0.14567975712050596
-2.2340808063846493
-0.8859837058126498
-0.4925872328576756
-0.9906836231097469
0.5741717925751983
-0.08413105308410823
1.4055940919848648
-1.1656170378737294
0.35993776300993363
-1.1619876539656393
1.1594187194855827
0.07609905559470488
-0.18457341184980774
0.11414649999481791
-1.2127199676998106
0.7756081508448449
-1.9154393603588455
-0.40974016279208064
0.708377321616795
-0.01787270586859037
-1.19757803891634
-1.0786282412465877
-0.8842801063614009
0.44521762962039263
-0.8722084134004834
-0.002983661117461312
0.6797170723270929
1.3628249270949957
-1.1465102982850903
0.21596514579120818
0.6499689065002219
0.8414909884816849
0.5255032434759284
1.176869992417869
0.6252821780881122
0.3530932447066749
0.02901690145718811
-0.7431059262303001
0.6806042803680535
-0.7405990591242244
-1.356227311193535
0.5411029202941907
0.011611379099956319
0.8419407903801405
0.9425577582536311
-1.2075128843086453
0.2687071174345958
-0.1352653637397882
-0.017092354643229717
1.4008924617412282
0.02469249727518727
-0.44763306116565854
-0.8542764740932698
-0.9080576636734508
-0.6338747059432551
-0.16994749093616723
1.4447848406525854
0.212247244642928
-0.07694505141906108
-1.0358714428277174
1.3257220613002036
-0.2512808700080422
-1.6915765289164288
0.4920292841411231
1.694930717367316
-0.6659489883832261
-1.26433481365638
-1.1264216958311493
-0.32895718413240865
-0.04304738058335693
0.7201122359663786
0.49398444357887406
-1.2303323521805458
0.6038173654849196
-1.223431055723553
0.05636881297875091
-1.3329809558124082
2.9131736673705855
0.03225867540454608
-0.7299419616995038
0.004868618800436204
-0.854433055962279
1.38734325241741
1.2012808653070415
-0.5900119862719729
-0.8700053844860881
-0.2855661175658375
-1.2670939614315453
-0.6192731399955835
0.5623455873482138
0.6624638786002883
1.053407323194262
0.1524138186051935
-0.9172525191072933
-1.1788393855755244
0.030422164476453697
-0.9293152835480621
0.5897000257215264
-0.051029746350123306
-0.003362472397127941
0.9999519551515927
0.09344066408380797
-0.1570316130354543
-0.8837531070225714
0.8728374688644455
1.367692224358739
0.9443625352699541
-0.24582867616846843
0.18994596649631013
-0.1988333486745029
-0.296863117078971
-1.2457434773962845
-0.44981237617465913
-0.8855077987087238
0.02257600989789545
0.5063081990992057
0.6555787093732963
-0.21293268570566806
0.10148141350937682
1.5842512356744263
0.23768767940061195
0.3649723914999594
-0.09186934943201763
0.5240718171723348
0.7340430524442855
1.0130974941763278
0.5611125846924613
-13.392030160291336
-0.15801527121999037
-1.0745366965629006
-0.11259536303213802
-1.2058023740830712
0.8973662089534004
0.0035031569696379137
-0.6284791377582054
0.17251619040576024
-0.0020055849667300132
0.875532550642781
1.2974521991907801
-5.572013017247186
0.12596308732023362
-0.6097988853076817
0.6243906499896813
-0.6275877847164673
0.7365565945018004
0.6790657099293183
-0.9741135727899259
-0.2756674000052059
0.886052379587994
-0.8478536867270154
-1.0097442966466903
-0.006454877880653506
1.3863655894905627
1.632572964684738
0.7604873781491126
-0.5530887587218895
-0.06380256893817535
-3.315320233392648
-0.07425260287272877
0.7418900450403928
-0.8485941101917702
0.896037830654614
0.19163316478224804
1.7709327842342288
0.21879880201773383
0.7495960005985802
-0.8615847464373041
0.6147128180957848
-0.61016343551541
4.431587828214761
-1.3926576862697329
-0.12461932896206855
0.17070024882232854
-0.0543937850256547
-1.7165064918488249
-0.6064581566966031
0.15481862499315163
1.0628632779936276
2.046744234113983
-0.09691802658371694
-1.2803016311071778
1.0193749128276084
-0.8745880251507491
0.3889753728667277
1.0126421040408136
0.6754097927706961
-0.026356712914784156
0.9933176105451405
0.11278826047727303
-0.9748211638005515
-0.05047160745434192
-1.5750621880019477
0.9724400630954666
-1.3483607336319787
-0.20470586500171478
