-0.7124786727006975
-0.14201409565113068
-3.5421182438119585
0.850947338093663
0.9569066651382929
1.1594849767705862
1.477772148670823
0.8273834687279376
-1.2139784130951923
-3.3583440597002876
0.48098635888094204
-0.12516401949084796
-1.1574615625005147
-0.9786068202890685
1.580860579333769
-0.19928460675201742
3.5738587495850993
-3.0613313813030776
-0.12679972617768082
-0.9320666576986306
-0.30951908670391315
-0.09294650987695907
-0.99720143239414
-0.584639927182215
-0.397452571911409
-0.0013356615071408997
-0.8088282524969879
0.028996983022924454
-1.5098954041233028
-0.7131407203995674
-1.670629592578918
-0.42046118103515
2.9826367332115686
-4.751598661285129
-2.935326399297175
0.7927025509093287
0.9370856213734226
-1.6485911727835394
-0.3896642880748542
-1.3203784646332484
-0.5154232885261578
-0.7296198252574959
1.3289084815332137
-0.00944026083026543
0.4903172360232778
0.5745175463953294
0.22612881529572312
0.9502543611150054
0.0797646734611765
-0.3033868703850647
-0.9056300832583434
0.7367524416162288
-3.6482636716353243
0.904040442333315
-1.5894434681354728
-1.5940849251721187
0.7583826885169593
0.040077017898154974
-0.8221368512644046
0.09743603221576976
-1.1049920335171597
0.19635550412934627
-0.21554374607481355
0.4014407046566829
-0.2668325905975884
0.5114781625684622
0.4414191509964644
-1.1101404163585151
0.46686553355087995
-0.2774401633542012
-0.7599299322312151
0.4190896485543344
-1.2111708634008984
0.9582378147652517
1.0046516404199581
-0.6472695025007614
6.501345287347341
3.225753687422349
0.8740790820974034
1.3070684603705485
1.0990958575344092
-0.23444336558343967
-1.8756575337711738
-0.08653305628440917
0.11787029539310209
3.320265937097273
0.415247979292313
2.6912144687174337
-1.2004609677527316
-0.5535981671150628
0.5877662981274359
-0.7367988934379387
-1.2119511617816447
-0.34633698352321574
-1.0358484964977595
-0.3429981133383606
-0.9806030496613432
-0.6644497584404865
-0.7262234303185569
-0.37212541264068216
-0.39260799636096927
-1.2616529392803577
1.4864143793234814
0.5673679730648958
-0.5633645121843791
-4.188726202875129
-0.2194917757182666
-1.0307748129643082
-0.30005868870315106
-0.1890135792716406
0.13262592535276752
0.874386455831623
-1.1763138857714863
2.0839925617964252
-0.6010428669919584
0.9813754087235816
1.15971537916432
-0.6100052563421442
-1.2468784314678196
-0.6051123128295739
0.9150282320895184
0.4984073841516373
0.7279812909300573
1.4952532195378032
-0.24534616674995663
-0.5809383107611236
0.23164870699534235
1.4765892462343089
-0.11058999169185636
0.048201296237868646
0.42450745686010055
-0.17422138665370512
0.1227401951373621
0.6683010242067281
1.0835573396293636
0.1792598478495254
-1.38639704127433
3.287634492740045
0.23352616335801918
-0.6682242238691762
0.5609292350052318
0.14350340533806527
0.2147594189704419
0.24495522864141575
0.38137886575667607
-0.5492850021318316
-0.4359374057469249
-1.5438294177602554
-0.991070172146911
0.9320445753228896
-1.14595799960104
1.8791755411320896
0.6135499971938885
-0.4786687520541471
-0.9191069086285227
1.662166836633216
0.9168833038817996
-3.5693639198825466
-0.39543656372836367
0.7359731265540371
1.754840660496699
-1.9626334166438455
0.11037995753052066
-0.04766947683430141
-0.5356744221468963
-0.08024231915890359
0.3687882577841682
-1.1589358078502903
-0.6060060330939833
-0.894189593215978
0.13642180179921318
-0.5981984959353
0.32835030104187257
1.7682068758591536
-0.9479379722761254
0.8015082922818246
-16.224423854888045
-0.8910007568595086
-3.0308227172102216
-1.9065388391552647
0.997017858277837
0.28662230559589547
0.15066446045478443
-0.7301047505811116
-0.34746077173900963
-1.0855490979340594
2.68776611484868
-1.0258314623910176
-0.2575501513802382
0.9845808498396538
0.05071070870930128
-0.934140206766448
0.7975337480640848
-1.18219500024494
-0.6566379332260274
0.31277220142380013
-0.19956155852802604
0.6153430033827432
0.41296008661329753
-0.012721157378125014
-0.16608922368245727
0.01883149693730188
-0.13889763697423457
-0.024675965806416403
0.5786396008120702
-0.1445654920150414
-0.4176468074177751
-1.0121293956803792
-0.03633428745843514
-1.9370945258281285
-0.8138966889675465
-0.3371070633218737
0.7452221182555059
0.061452205821669804
0.7012169590650459
-0.9791085705588316
0.34537227683029753
0.4371987994311547
0.853683024621716
-1.6228467752831672
-1.3989674222509128
-0.5452381107905395
1.1188600219419647
3.683096508998688
-15.192616558026458
-0.4343818994389943
2.8198096933287378
1.5699049460404357
-0.06546363807953709
-0.5417972259323124
-1.0996354573960891
-0.27194769138974606
0.9800357983375401
16.131420407695924
3.185686272170189
0.3486349312467561
-0.8872383119574694
-0.7105112036063296
0.3312047066000476
0.1980520105529291
1.6886994882695499
0.030378349660306947
-0.26674403663911933
-0.10325330423087822
-0.5400995468273736
-0.9102700196119418
2.4489046353658557
0.17767607575197172
-1.498934955447373
-0.1955507527989069
-1.4399545725296166
0.10743546861168601
-4.051098755581597
-1.6148903646996733
0.8325021940117556
0.9985237345324811
-1.5833010004774066
-0.4449326096135267
-3.3654450038293002
-0.17883788415529123
-0.657249007218406
1.0043350637187305
-0.062414278261852536
-0.6879569115180151
1.5371690544362453
