-0.3865313067869471
-0.2784108786008118
0.4249449138776924
-0.6562418349922378
-8.13157671023156
0.7144330408776117
0.6930222940266414
1.560593262661202
1.3574602001737706
-0.21118453671198953
-0.6064419211543145
-1.9127592155171336
0.7980242735281519
0.44190789648149953
0.37567952824376905
-0.23753774667060884
0.5525398501621912
-0.5986671729693668
-1.5220666813538928
0.36402041468634216
-0.9415462907262186
-0.01772790557497106
-0.9545659860843585
-0.8930587387103242
-0.5393939865126907
-0.5144747936668758
-2.357987349569768
0.13814099807171534
-0.18630553746080203
-1.7305987752777998
0.8022296698929998
-0.46508587993404704
1.1485143170133445
0.6217437161091208
0.11164465701958484
0.5326969415080356
-0.15447266923208203
0.9258438605166898
0.901336955335433
0.049353039871818584
-0.3664194809345602
0.8808360631868227
-0.41982413326742474
3.278298576239159
0.22659731752318055
-0.2239558618499511
-2.678255911579517
-0.20308918021459443
-0.650142172714312
0.5909688187753954
0.5870153525474358
0.29791504100166466
-0.23612750165385163
-0.38548409249614635
-0.49503929175106776
2.4054923870066567
-0.14412686319127488
2.349341262952486
-0.7418634266013805
0.9813644238124083
0.24957515461612492
-0.40926137903709164
0.21048078149129992
-0.49081107492023596
-0.07540316833077411
0.019044472293349324
-0.2697389898180363
-0.6678790869013792
0.16937021308555034
-0.13776994429332023
-0.8720672160293625
-0.5756462631391074
2.348277557826678
0.026388721081131508
-0.32176873798929456
0.8840168057530318
0.7429371590510675
-0.10279444571926888
-0.49414099479582846
-0.2643614134506572
0.3545815983814427
0.4591317416998594
-0.2855757457737604
0.7683266114762749
0.10386617015469264
0.8121415542049851
-2.6138581809816444
-0.11211355117511493
-0.07646850819189661
0.3247001994051384
-0.5205585103558565
-0.11842916489008513
0.045144974667714825
-0.2789017864742898
-0.6410838424802064
1.5168254548378428
-0.3491069028310916
0.5359303734412821
0.6050974818470898
0.23893791894930613
-0.8001196916063611
-0.5450904049791372
-0.5705479860288597
0.3282026838595107
-0.038799195981363124
0.5838300900074241
0.6239869497838684
-0.24970777009192954
-0.4473206737982465
0.4658349312897711
0.49316486309837915
0.21665280722852834
0.5257018934049289
0.7724313420571224
1.6556775692238201
-0.8433245293244331
-0.07872673952779864
-0.44102042845150924
0.3561765701499994
0.7564837164195959
1.047505855612179
0.11493522388860239
0.5426359457142613
0.5484044049227939
0.6832595126847973
1.0317773954907867
1.219071500885055
0.11211604347558617
0.027041920954665746
2.687184919704423
0.5942214761958032
-0.7624272543044455
0.39755977616854055
-0.012179889464872765
-0.32672597466384157
-0.07860439657934634
0.6021094941343084
-1.3660817432782248
1.8094452456537025
-0.42501489302544093
-0.4814228807389087
0.6377006356956532
0.16592267291368384
-0.14431667135730597
2.9801766118488815
2.4072100917928503
-0.19682814463631199
-1.432404619019778
-0.18583429969792875
-0.05019386791361696
0.34245627192165584
1.158132113835868
0.3458371976672756
0.927565797986812
0.46153732066338704
0.23519821125380497
-0.90747306817275
0.3846108142932325
-0.14181017511292554
-0.7422796133042492
-0.4029494220642065
-2.8371339615954088
0.21368112423988453
0.13341544631452334
1.003383859217045
-1.0277508557794353
-1.4721854047769778
0.5468129200928454
0.22171682271906726
-1.581110583149874
0.14723336630118872
-0.6133019627074459
-0.22047708363177868
0.23277485184479463
0.26758976913934085
0.7095808420755353
-5.547672274658426
-4.677793381413172
0.15915069801966172
-1.3993054550124728
-0.3291794953531252
-0.8534088072829046
0.3851578416338978
0.24051033452133688
0.22317964480827626
-0.2610778921957953
0.09942022396495123
1.020015349755066
-2.1861184475505118
0.7485285470526892
0.4006524509347047
-1.7853141918372486
-0.8793986104912507
-0.6128235563345391
-0.6310921991900212
-0.6409176308376057
0.4552804399376907
0.029007904182105887
1.8886500271457392
-0.9389950325224854
0.15025105443961806
-0.5787136004911755
-0.22640212885088506
4.295492852804931
-0.08757440747438723
-0.7998166491513694
-0.1707816193179351
-0.7221701944713648
-0.13094119870311083
0.3887557764491761
-0.6492246611955159
0.04297737321015774
-0.30658471565556544
0.6747225501168426
-0.22278942813312974
-0.9589271197954152
-1.2221300316910242
2.3432717393539186
0.17219224590000476
-0.0035838648444128096
0.32913731564154247
-0.3854247231867975
1.2598677681142583
-0.37366042767770485
-0.1689613503182923
-1.1191225717749338
-0.33890742990427797
0.1264038207959239
0.7509179814104359
-0.5678002295796237
-0.3167271369600999
-0.678024909239009
-0.8115378154400026
0.5109043495869707
-0.839205012321817
0.9410685135702159
-0.05146334639089107
-0.28016518747119235
0.6940671492897981
0.8280224423878235
-0.040114424428938866
0.6782916144584138
0.8895739446299586
-0.9606813935799924
-1.9316100358436774
-0.044267616505861196
1.9993074999489029
0.5254738827967704
1.3222085150678504
1.34511497380808
-0.7956536679409809
-0.5339977144438922
-0.9275388316860185
-1.5436972577042196
2.4214464483037355
0.3090441475543404
-1.1056588733031547
0.693299834740299
0.5704202003775082
0.08029600713701665
-0.886187152129227
0.4942124091199743
-0.5636466648534695
0.3524602043651433
-1.0050809961006484
