-0.505826316136844
0.9359900379243161
-0.995045830368801
-0.12174401751874624
0.4070063232625388
-0.4741049865388812
-1.3244325746730425
-1.1533372328399585
0.1065183500414311
1.4218843131723389
1.1705987440221244
0.9878424535747056
0.2202339760703098
0.7111554632130138
-1.0683468343260172
-1.3459475464605815
0.4378014774214423
0.7733056648429901
1.3101552619803518
-1.7350275456387703
-0.31130267678373047
-0.10055133149717443
0.08987159782159251
1.1369619255920522
-0.4934416554441681
0.938636914161214
0.6281801654350754
-0.9541371258141379
0.4638686115430063
0.500854812570265
-0.44830904335995114
0.7833727435108611
1.0560975986619332
-0.25683377216484776
-0.6946068938359147
-1.3519062066963157
0.34436876134591865
0.14506623803332847
-2.200412185381836
-0.7684644690703935
-0.428548599024129
0.15914293270804458
-0.34214800390688094
-1.0959995884456022
1.0667583630653714
-0.3481056657168626
0.09981290029413863
-0.40032474246536587
0.06842250087835536
-1.7012671403364426
1.1905535899501298
0.2299349216407797
0.6855088935332473
-1.878227279612489
1.165863758558686
1.611675347847855
-0.1660896528843899
0.37467486171137576
0.46496012422979727
0.37245226993856423
0.5742618158886237
-0.1400997169010767
0.6391569183207133
0.7540654569538954
-0.3087900093095802
-1.1670678968117183
0.08556465705679342
2.7493696290489167
-0.7061999190540679
-1.58908417567718
0.7645679568750001
-0.6600737340174276
-0.9972897933368603
-1.1487321276340619
1.4078319557445105
1.0925516077042596
0.0749747607220083
-0.49031658733187555
-0.8608358441898872
-0.32293393425244665
-2.5972401929515936
-0.30390673124770873
1.6312644885962113
1.645308263095836
0.5235614004297333
0.24816925707288173
-0.5587716296785523
-0.14293416630564995
3.4085387219599266
-0.6881947276244457
-0.05884530729145902
1.0175077637976024
-0.0667422838264553
-0.161331726235346
-0.5021286881841369
0.5394057271357797
0.961004370793697
-1.8873780203255293
-0.08719337980572216
0.32940944897631225
-0.6273169275757703
-0.41421312518021675
-0.3650096912837339
-5.0853650519346125
-0.3682057377607878
0.0838636834630242
0.2739676419614882
0.2678852760786427
-0.36659608998645266
-1.124745187890072
0.5415810918527247
0.27310039758263055
0.023236442284367862
-0.6571949037601165
1.3339342465219226
-1.5147584648824217
-1.0609375778831138
-0.36012056615753923
1.6000369769520852
-1.3774685158315714
0.1893720011754495
0.5451647194271252
-0.20066469460068692
-0.9358827226922493
0.5078021209627233
-0.7113207475692762
-0.5428857295758129
-0.4899727602385043
0.42583308393141117
0.09281974811911772
0.25726987255318634
-0.1620733264931933
0.17593691827777594
1.5114176739561263
3.283101134752585
0.5399082391980328
-0.9660702308343688
-1.5678490988597966
-0.2395115005231788
-1.2168703838163888
0.9830424469240848
-1.967340844310105
-0.4591254358222761
0.20131830762320477
-0.870483485393442
-0.11032010492544575
0.06565525222434813
0.35125415985329367
-1.8486030949358927
0.5294439795592036
0.472504694347191
-0.5128201702713823
-0.45631194507403355
-0.6084491257053078
1.567608738980789
-0.30531235045064803
-0.5890860701166039
0.4393161918856283
0.6239670032370241
-0.36313700266783916
0.7571011353015622
-0.7127072108945398
0.1321647440456693
1.4582767849871134
0.09568342413842625
-0.27230809879731543
0.5880087465400972
-0.4834693084822964
-0.3844076754421317
0.7080927270769598
-1.194951533193173
-0.7809759503836402
0.9513628916837297
0.6901322924407415
-0.4151261781650425
0.061795369828578244
-0.391188362602966
0.10445697500369161
-0.5072312843808613
-1.7719609687265208
1.2684720196506938
-2.8022400029166206
2.2586882005486753
0.2962023948545448
0.27268168309867646
0.0021023725829220777
-0.8523352114629678
2.0356934765850827
1.0238410022902684
0.11564715578855636
-0.35122832648206503
-0.5597268530822361
0.26827751078116213
-0.03889942466499471
0.365375154437998
0.302370900009968
-0.20637075992072001
-0.5465209108502186
-0.4350892934171748
0.10939743253714088
0.885488819855422
-0.66589673672747
-0.3280812908938034
-0.4934340527544019
0.5830826609694445
5.226956552944009
0.10984163185084012
0.7197536872049495
-0.4671721427016358
0.86349795396218
0.088558102135437
0.17548132599259197
-0.7939314802063272
0.9071081297412521
-0.5279358586108506
-0.6649274188986432
1.2673476631556526
-0.6804253958797152
0.26552488445781386
-0.6939380782081075
-0.43832665397324055
0.20735074287984503
0.0684700653560423
-0.7448941058713238
-0.08267502012846696
0.5254449113262099
-0.17584113150261105
0.17566639548753127
-0.8280041405719392
0.011620704109519379
0.5196663379250979
0.5881083310029614
0.20531360972616197
1.4090798209051796
0.9468031412061934
0.21494575637801228
2.7392296288185305
1.0675048741833542
-0.2803744980713483
-1.3101422224663297
-1.3079476704861663
0.001808445453312914
0.7335759876038722
0.2993765979195619
-0.7071464926378151
0.22171617400270163
0.3756501285235909
2.20474371080116
-0.29968904979376504
1.2758416411107854
1.5635168604393161
-0.6196216695927454
0.8013041184507785
1.0853949600201502
-0.8178465167070137
0.8977417775255806
-1.223660483782586
0.18181110884703033
0.15997243836331967
1.2498233878406306
-1.1840471999279698
-0.8737398843690397
0.14088852405385985
0.8451175987299382
-0.6370809712930445
