0.6865418240654743
0.04187993339171449
-2.5548072218408913
-1.763168877861282
2.7971047321857667
0.9548535020435099
-0.5960926498733372
-0.4551337181587207
0.22867001708632134
0.5939452434878318
0.6540612362015326
-0.6699372802259027
0.4545146247329747
-1.5728832905350327
-1.8130502834851998
0.7505764792279871
0.5195859124976216
2.645990149686726
0.8247933840170008
1.3727071954165047
0.20174465897956198
1.0607861016567524
1.9105796405960074
-0.7220230677007874
1.1343480865956246
3.4998841460703622
0.9043492580881244
0.7000427369605442
1.3367348122220897
2.4244738373820236
-0.5426067314650924
-6.195226703241883
0.2496596027748843
-0.43471784578845923
2.0693785058660312
0.3540044979051488
3.3066162812475017
-0.25369729823321985
0.9148159643471825
-0.5637250706270799
-2.858055550668821
-1.2946291331844682
2.6867968848837056
-0.5971904710939792
1.193838539639164
-0.10412738336800305
0.49401029255200835
0.009093663564549895
-0.8434507952096568
0.6811798040303858
0.13574826653998184
-0.5447073627481142
-0.3804659493957024
0.21981706318718275
3.252509293324632
-0.13181733713532862
0.10238521015775216
0.18468376297089673
-0.28819590830334263
0.46576506532893164
7.240347565690657
-0.3581442915897334
0.12108751019864733
-0.2456377095070088
-1.5678940624552198
0.18371283825002505
-5.666488307755559
2.6863310248964765
-0.3697451668112396
-1.452154172400302
0.06321745347662899
0.5386650737521501
0.11129986592889572
-6.523957383897549
-0.8010046515290637
-0.2214555414401426
3.0403016094194046
3.948147542158199
0.14053588917535417
0.3780508426962504
0.5184932575689557
-0.6468498432137201
-0.39711557334048436
-0.5860623894998411
0.39592371798222625
3.832696631527544
1.1853324640876493
0.7501101141361329
-5.91305369682082
-1.6325249422474204
0.7715547366407176
-4.762368260553156
-0.16217582027068517
1.0754677097734973
-4.258314286347824
3.2741795947058296
0.028849694770929957
0.9997294888403292
1.590911619696575
1.990895164596927
0.45858360044349455
0.35871940811223224
0.4841423190057199
0.4440806567497942
0.008379891225073504
-0.32633717567968124
-2.9073407624465353
-3.8350876644614575
1.307838449367878
-0.6306605125704712
-1.4142868786424903
-0.1339563183301904
-0.8281564635828162
0.5517455981300489
-3.314313646956958
0.39592609250941857
0.6522427426429679
-0.4762776852250619
1.369364235321871
1.78370775904825
0.25940238455502457
-0.7435670967032129
-0.5246065731987793
-0.8543690568992622
-0.7589493455531122
0.5684546137680869
-0.46102878130476366
-0.0356691656094521
-0.9472458115461571
-1.4014946686831455
-3.516728798055075
-0.7323568443379858
1.6910015989265217
-1.2455743310665064
-0.20969817547195674
-4.904891081429917
-1.3921318132263838
-2.5349024852669126
1.2603198144084191
0.7045250753895567
1.729835454596173
1.0259320630464959
2.02744976475785
-0.3602084581809
-0.5343152692940623
-0.05217232747134029
-6.818136098213814
-0.48788723955040064
0.08475195696364782
0.7602376910041819
-0.3265108910448862
-0.1620095229006013
-1.0030600637863896
1.9345558745166103
2.3115521333695965
1.2916474156143212
0.048651536782684315
-2.448459760019851
2.293384469706742
1.0055521821396645
-0.482567926367331
0.030347869109024983
-1.137789389366902
0.1400135951539483
-0.9233057330084421
-6.900460996696236
-5.161162934921021
-0.9287321017119778
1.6818785697188883
15.100295807220594
-4.801561648025931
0.7657395240016014
-1.8587156528786257
0.031559152567852876
-0.04016124880128184
2.0764548466114663
-0.7599701852074245
0.6685888280589927
1.5558202296297674
-0.03669486717230575
1.0134463102459117
0.9835028930475106
-0.18502640996842637
4.952162537415097
0.11306252578727188
-0.10205661114241513
0.29051892478174923
0.35080367933894024
-1.2183900369983929
-0.6444060707358505
-0.8343810810492762
-0.7440903193325791
0.9241475196098141
-0.8094257849485251
0.30810311807051155
-1.4413398215236948
-1.5164250833358794
-0.2550152869236177
0.1552587952722307
-0.6984805467743473
0.3871047931588295
-0.8042837534960023
-0.9559883183524487
1.5917121201241982
0.8921006561330029
2.8326351944445287
0.3318705458555177
2.498302474643676
-1.336206490013668
-1.8715138575769794
-10.808025356709555
-0.9459664902558077
-0.17867328812887392
-0.12234684725652815
0.6925567310459166
-0.3071845449582238
0.3396176486935275
2.113815666225611
0.6358770718616423
0.08241876094957035
-0.4047637784768767
-0.5392254258608477
-0.5730069354310859
1.0412215390565152
0.39677593452136695
-0.5636221123781721
-0.7555907030787627
-1.4711360902064352
-3.1271530276411363
0.6273543727685226
0.024317892214817047
-0.12912742213250053
-1.2227750843152392
2.314486692128
1.9851608758039712
-1.9060559618055328
0.04638721599070267
0.6274079330040397
0.34175054514732034
0.24486882733315712
-0.4706300565453658
0.011854031080339259
-0.41991572977399466
1.6623039674514741
-1.7310246226010588
1.7896631578917155
0.32875087822697835
-5.898933976397556
-0.9153131724674474
-0.15812526127520996
0.28806327826309525
-0.5431803545419108
1.6455034259893626
0.5354614531533355
0.009605912122881193
0.1364585405856451
-0.4482248801828506
-3.488180506531384
6.817011939647267
0.26637032023939644
-0.5979092990676974
-2.61895007173531
1.1753607999960276
1.037968818460892
-0.9886907764017272
