0.08352816804975505
0.7528862732013736
-1.3367452878264954
-0.05503430848368658
1.0301218608751623
0.23852528778778492
-0.013618811903482846
0.16331436967491808
1.2901153797617984
2.3054589003400365
0.7454593320773567
-0.27585301830538134
-0.2612854182733739
1.6403589210340916
-1.0202958758407044
0.11665549623719126
-3.51526070169769
0.6488047978511385
0.7712613247632657
0.1290592480243895
0.3251247246833377
-0.3189889012059876
-0.6897884376679637
2.9369743313450574
1.8632645725060508
1.1204832836314227
-0.9445775905701386
-0.4754656255529062
0.8043146735797538
-0.2382591043956044
0.2595806082126927
-0.26588977236724515
-0.32074782999326323
-0.7516452489519634
0.5583554262139163
-0.5327480885596575
-0.3734597157087317
-0.19849234496621512
0.21585209080579726
0.36224657035401153
0.5220977910482958
-0.2536330719326806
-0.724505578636122
1.2007915787297831
-0.0476795142632705
0.9798329046618095
1.2038941690253968
-3.909432038448408
2.5532719588905763
0.05782698431000307
1.0294677595583228
1.9149521294205725
0.1056215515276428
1.3781487325144839
-2.351136844299318
-0.6236957649956218
-0.6734378889998514
0.02069762431451331
0.42848256376357324
0.732280021726092
-0.018708925111737162
-0.251747637862156
-0.1607434921438278
-0.2235805606775397
-0.47624908637820695
-0.611671674456906
3.1378382248684833
0.3085811092057612
1.0889417204983156
0.43490816538876875
-0.9395006819510991
-0.26052478831017134
-1.400008483767423
0.9080227836046959
8.984439778278029
0.9451088441553636
-0.4349573723442614
0.9818893682922453
0.06629089405087044
0.15534968600293503
-3.766625109258687
1.466282685529193
0.21436252913873674
1.412056929852892
0.44060890737759223
1.4499991610307257
0.0860127591993938
-1.3042868086133144
-1.2551814773982068
1.4607344370382642
-0.5058003028415753
0.0387498150786186
-1.344416791296434
-0.3488261526193572
-0.20831292896570935
0.9656887769477046
-2.217418021288198
-0.05889523775312783
-0.7092882103082612
1.456999636970931
-8.550983962431877
-4.698965831119851
-0.7821455093231189
0.9853664292091221
-0.2602776724154505
1.0114873870649697
-0.8163974903454725
-0.218068227686303
-2.557887735863147
-0.5367082959261709
-0.6260428403687445
0.04365764902891241
-0.31200158708521714
-0.4535311901713093
-0.08041195068313765
-0.048402771877267825
-0.47272356650157205
0.766893644863743
0.3914868744956276
0.7490232801029848
-0.5531303348325908
-0.8519140571154971
-0.15298011404648773
-0.41175179055172456
0.4919534681997272
5.87570985459795
0.9566595572302741
0.01569727890401653
0.13386395330904793
-0.33522385221616063
0.8060001520045708
0.9434363916545083
-0.23052985463444536
3.7185064708060023
-0.22812476414835917
0.5667247223795883
0.08408880323250315
0.24277395036129462
-0.6325094832830014
0.34404154187399294
-0.8064574791370454
-0.09459280208489726
0.6095541907450756
1.8449824676305229
0.4465763298206495
1.8905699164260632
-0.9562946672176197
1.2700885403613025
-3.472566063033594
0.2885093820354258
-0.9119455283316458
0.6732743145167931
-1.3639702296074365
-4.631277546600614
0.31621629479217306
-0.46333947411192866
1.1495152796122898
0.5197189516864609
-0.17547959750458808
-0.033714504686865134
0.2997587339375851
3.9038966251435747
0.40590527393923415
0.03659652556198524
-0.2515593362341544
0.013622278751428333
1.146592599862899
-0.6470326712501093
0.8535305553490943
0.6756697231463487
-0.8815207114296536
-0.31009106026165856
6.769023170944108
-0.6140040540300973
2.5870290712724886
-2.3835027850224355
-1.1986158298546683
-0.29071466918266686
-0.17282632210089546
-0.14353393213726806
6.1025170890757074
-0.7744907363596601
1.572786780438792
-2.8486011278201193
0.34674032758534973
1.0592883327215115
-1.7672444885695695
-0.17333229649017115
-1.2344548086911482
-0.9929587560717954
-6.3720403917008905
-0.45737851557119824
-1.7255165420086918
5.123413382778154
0.9989329657539032
0.9207723404078214
0.7054113114054508
0.21399541378147405
-4.998592004000803
0.6792532482399197
-2.545518940875479
1.4619921012879349
0.47537217286558614
1.2784856216194007
-1.9039253578335336
-0.655242438314774
4.771751677315237
-0.5584163642499492
-0.3058804062026673
-0.6491860266694548
1.2845086008410487
-0.031531325232916685
0.05707988704463042
0.932093956574776
-0.14698209083044847
0.2250501459132242
-0.7596132334765611
0.5599251449203301
-0.5781426475399907
-5.74986454673659
2.223426166934457
-0.38865554106032385
0.4376853204875799
4.372502974233833
-0.7769596120309795
1.5461057406165184
0.2751145351451662
0.2172883872873434
0.14607301153377822
4.5110080159876516
-104.40682922430203
3.9047374457193986
-0.5439445191683736
2.122560397769326
-2.001070032052421
0.8398708514296906
0.21856336608642712
1.6052857725488683
-0.8011529740135022
0.672837636827134
-0.6231783214623621
-0.04468717567787714
0.2044003185988768
0.041538174750255244
-0.012401839619106937
-2.915872571016686
-1.36953271233423
-0.12325414386997396
3.3509896087309166
-0.05683926225712228
-0.7114952721177232
-0.0820793107145443
1.2223909997762727
0.7295546264259096
3.810566518517627
-2.16441189830101
0.048815658993289227
-2.102561120639003
1.2517217768888858
0.27169717180679775
-0.20962157022410455
-2.964199509113659
0.3166474733434017
2.0423635297345473
-0.0935925819731649
