0.02631914876334461
0.07353159309126522
-1.2376403138611158
-0.6626782899923831
0.0491986940677839
0.4702431923843328
0.1501579400934568
0.7035544611114624
-0.10684935878451068
-1.2280619981948921
-0.16929021434672437
0.5510751856523645
-0.059066807953760556
-0.2727789629882042
0.17474401731133
0.37971410457113147
-0.522344830416056
0.6358703885248558
0.600855916562905
0.17189599437089925
0.8121766354140699
0.6896614620456519
1.2395326544708978
-0.23659987550311898
0.37600464927444743
0.3678951288815576
0.09533783488018797
-0.5528498585818902
-0.2237876404966928
-0.6775298299541765
-0.4716969532862897
-1.3816008634138979
-0.36656751127292087
0.5970320297877326
1.1153140509928672
0.9160082876081367
-0.5467391436354443
-0.5819717238019961
0.4516588379171036
0.12229486302594955
-0.5922024878183875
0.1656888945633029
-1.0732440065427984
0.02113915952791138
-0.2213852718759574
-0.6542835918585996
0.6076812591465653
-0.1614159619663526
-0.09419588387960771
-0.36308017104825635
-0.6028939130621505
-0.33045760425345716
-0.3824072970602268
0.5821086691582434
0.6222919918001889
-0.8442789771658173
0.47868719547030714
1.1576370848883433
-0.2109863151877368
0.4052660413808736
0.2578776844306024
-0.02219239620104499
1.1110247254625871
-0.21079477128390647
-1.0840654645836305
0.40441914740837964
-0.3518083512558736
1.0277706191156266
0.0855401186203726
-0.4756910887885335
-0.186590714381078
-0.40648795284925743
0.33467266865780365
-0.09630718262267186
-2.452640478794831
0.11879312164913552
-0.30657283312951733
-0.202205882871899
-0.4881571425022634
0.5477984658228936
0.18996559198844923
-0.3935586112224124
-0.4642023630765477
1.0564747891524973
-0.31040181050842697
0.35307769709738646
0.5054280817437488
-0.772639148379177
-0.2844010938240834
-0.4211381208519222
0.3285965044198772
0.4631980693303207
-1.059414450443101
0.15856769648814326
0.06614205745425511
0.3655693543450772
0.8728218014657869
0.2757995250587329
1.3128820959704313
0.690667919838283
2.192909574263069
0.010361156625960766
-0.5453625398689874
-1.2010726354488055
-0.4151079053007641
0.020327349894696218
-1.0205844252471306
0.5141691461046003
-0.5448200846835756
-1.0504544804283322
0.5268116401160925
-0.7220539490978366
0.03577273949110674
0.011287869014784346
0.5728048913019987
0.8679467665998591
-0.4151917047609569
-0.45910064088667923
-0.1261501025310123
0.6040562165892637
0.8794372955608803
-0.5542103451250651
0.8167729692329094
0.40599303257967445
-0.6736946601369053
0.4973412432761011
0.5923597617735422
0.09125619149771483
-0.6359192605662046
-0.24696792114873112
-0.509569139519593
-0.19791900032491913
0.4888879403479388
1.640243990563648
2.2617365838693155
-0.3805879262133738
-0.8798691647727198
0.16879175325476095
-0.34339022318284557
0.18428401517799553
-0.5831958359890826
-0.5356949259848507
0.7448072238642587
0.2409033842357733
-0.589418672807477
0.019251911801913962
-0.5821959598059819
-0.734497387019611
0.1594825136328975
0.7071217628761015
1.0702893687014021
0.4130929567701719
-1.0052447495419141
-0.7821297180962398
0.08000291717122182
0.022602733128430454
0.9845791079275321
-1.6213810395141592
-0.11033266805221015
-0.38519862159096685
-0.3555573495721476
2.4731372560074476
-0.5297783157167363
-4.302850012079534
1.207813189985375
-0.9242018438705499
-0.6574535147686855
0.6239366858660254
0.43453271490260625
-0.01971510573754079
-0.1896481255117492
-4.114891719656476
-0.10610686257526837
0.10401468362395472
0.15524181368112464
-0.23821072460498585
-0.10852867487811768
-0.032149268617277627
-0.41022529048824946
-0.5850931755243421
-0.07482689214133914
2.2872202038737885
0.8098249393570982
-0.6837368578875465
0.6339832174992533
-0.21310520824380275
0.9019867376192516
0.141050347685311
1.0091261225801946
-1.0500762731170332
0.06827813013511377
0.4292221826555743
1.4485201468400108
0.25726999144706014
2.7698409560571355
0.968455716771426
-0.02908356367697397
0.22381054297105885
0.712055830484459
-0.18320899122175682
-2.5846752300980778
0.07788241101096745
-1.6847813951471031
0.16705627219602098
-0.43362250599924695
-0.09350242293383172
-0.01011273199301875
-0.6512766099979788
0.015233353486262795
-0.05117387297804848
-1.854521188187391
-0.6730813661467773
0.9076235102346262
-1.4177867477339632
0.24266593224423455
-0.8849374919272203
-0.24327794488772808
-0.2924724327124353
1.0527111154072886
-0.6722708292088209
-1.7721365643727205
-0.23079308919617372
-0.1578887046434262
0.38739650830196404
0.05038694453973619
1.895880237832401
-0.23181277052442492
-0.8114049435183757
0.3136999793509049
-0.6158729282452743
-0.33166417486889016
-0.6966552481723197
0.5263547118705458
-1.6293007725343545
-0.6817410811262493
-0.45881087299558543
0.38000783687647943
0.16042938666292325
-0.034380981907653374
-0.8860040280043064
0.769607339844375
-0.46963098990434143
0.7727427743745627
2.137540326610919
0.267480569683348
-0.6920151490935125
0.05225290692173323
0.22747924749812917
-0.15575660335102268
0.5921117266672111
0.5544637450748954
-0.33106469155014984
-0.9152134222809305
0.1626278872804331
-0.08710948613345022
-0.6172825789134438
-0.36558977312847557
-0.25221236933454
0.5256447882072524
0.7488232832906978
0.03538759268272597
0.38264353800100326
-0.8898364634899094
-0.3160144469697262
2.008398461830593
